"Variables","MDA","MDG","Boruta1","Boruta2"
"X.0.57229",-1.15006,0.02484,0,0
"X0.2133",-0.21427,0.02853,0,0
"X0.51732",0.06307,0.00684,0,0
"X0.59923",-0.33416,0.08048,0,0
"X1.1902",-1.00074,0.00796,0,0
"X1.1908",0.42258,0.02521,0,0
"X1.1913",-1.03319,0.02511,0,0
"X1.1919",0,0.00554,0,0
"X1.1924",0.36642,0.02518,0,0
"X1.193",-1.31336,0.05172,0,0
"X1.1935",-1.02681,0.04755,0,0
"X1.1941",-1.2664,0.02305,0,0
"X1.1946",-0.2123,0.01331,0,0
"X1.1952",0.50242,0.0295,0,0
"X1.2018",-1.33846,0.00741,0,0
"X1.2023",0,0.01777,0,0
"X1.2029",-1.4163,0.01068,0,0
"X1.2034",-0.64961,0.00745,0,0
"X1.204",0.80379,0.03912,0,0
"X1.2045",1.4163,0.01914,0,0
"X1.2051",-1.00074,0.02057,0,0
"X1.2056",1.00074,0.02385,0,0
"X1.2062",-1.00074,0.01288,0,0
"X1.2133",1.521,0.02717,0,0
"X1.2139",1.41605,0.00704,0,0
"X1.2144",1.00074,0.02967,0,0
"X1.215",-1.41618,0.0172,0,0
"X1.2463",1.6548,0.01185,0,0
"X1.2468",0.01322,0.01195,0,0
"X1.2474",-0.06727,0.02283,0,0
"X1.2567",0.41182,0.02339,0,0
"X1.2573",-1.00074,0.01696,0,0
"X1.2578",0,0.00196,0,0
"X1.2584",1.67717,0.01601,0,0
"X1.2589",0.50905,0.03558,0,0
"X1.2595",1.68454,0.01692,0,0
"X1.7191",0,0.01376,0,0
"X1.7196",0.60877,0.02588,0,0
"X1.7202",-0.04417,0.01096,0,0
"X1.7207",-1.00074,0.00744,0,0
"X1.7213",-1.00074,0.01092,0,0
"X1.7218",-0.60398,0.01789,0,0
"X1.7224",-1.41608,0.01293,0,0
"X1.7229",1.00074,0.01655,0,0
"X1.7312",-0.53573,0.02981,0,0
"X1.7317",-1.3991,0.02717,0,0
"X1.7323",-0.01937,0.0192,0,0
"X1.7328",0,0.01064,0,0
"X1.7334",1.25938,0.02454,0,0
"X1.7339",0,0,0,0
"X1.7345",-1.00074,0.01726,0,0
"X1.735",0,0.00261,0,0
"X1.7356",-1.00074,0.00536,0,0
"X1.7361",0,0.02003,0,0
"X1.7367",-1.41589,0.02371,0,0
"X1.7372",-0.66349,0.00993,0,0
"X1.7378",-0.3835,0.03022,0,0
"X1.8719",0.81193,0.01852,0,0
"X2.0324",-0.50976,0.04388,0,0
"X2.033",0,0.00271,0,0
"X2.0335",0,0.00521,0,0
"X2.0341",-1.41608,0.02738,0,0
"X2.0346",0.79415,0.02197,0,0
"X2.0352",-0.04764,0.03615,0,0
"X2.0357",-0.3901,0.02621,0,0
"X2.0363",0,0.00512,0,0
"X2.0368",0,0,0,0
"X2.0374",-1.00074,0.01085,0,0
"X2.0379",-1.00074,0.01553,0,0
"X2.0385",0.0459,0.05147,0,0
"X2.039",-0.48669,0.01014,0,0
"X2.0396",-0.03753,0.02185,0,0
"X2.0401",0.0136,0.02146,0,0
"X2.0407",-0.32253,0.03536,0,0
"X2.0412",-0.04689,0.03238,0,0
"X2.0418",0,0.01509,0,0
"X2.0423",-1.00074,0.00577,0,0
"X2.0429",-1.00074,0.00507,0,0
"X2.0434",0.96112,0.04504,0,0
"X2.044",-1.00074,0.03376,0,0
"X2.0445",1.35162,0.02128,0,0
"X2.0544",-1.22671,0.00679,0,0
"X2.055",-1.00074,0.01179,0,0
"X2.0555",1.00074,0.00827,0,0
"X2.0561",-0.05701,0.01678,0,0
"X2.0566",0.46174,0.01655,0,0
"X2.0572",0.43745,0.01693,0,0
"X2.0577",-1.41581,0.02809,0,0
"X2.0583",1.41596,0.01534,0,0
"X2.0588",-1.41553,0.01473,0,0
"X2.0594",-1.00074,0.00732,0,0
"X2.0599",1.00074,0.01458,0,0
"X2.0605",-1.65553,0.04355,0,0
"X2.3359",-1.52739,0.04452,0,0
"X2.6064",0.03228,0.05235,0,0
"X2.6069",-1.00074,0.01387,0,0
"X2.6075",1.7349,0.03848,0,0
"X2.608",1.00074,0.0132,0,0
"X2.6086",-1.00074,0.00841,0,0
"X2.6091",-0.03288,0.02112,0,0
"X2.6097",0,0.02143,0,0
"X2.6102",-1.3451,0.01748,0,0
"X2.6163",1.72839,0.02692,0,0
"X2.6168",0.6221,0.02665,0,0
"X2.6174",1.64942,0.0107,0,0
"X2.6218",-1.51337,0.01243,0,0
"X2.7554",-1.41577,0.00833,0,0
"X2.7872",0.64304,0.05328,0,0
"X2.7878",1.34342,0.03216,0,0
"X2.8048",-0.00831,0.01946,0,0
"X2.8054",-1.21399,0.03065,0,0
"X2.8125",1.21115,0.10691,0,0
"X2.8532",0.36799,0.01567,0,0
"X2.8538",0.40642,0.02095,0,0
"X2.8543",1.90242,0.0338,0,0
"X2.8549",0.43242,0.02905,0,0
"X2.8554",1.31981,0.01065,0,0
"X2.856",0,0.00779,0,0
"X2.8565",0.00652,0.01943,0,0
"X2.8571",-0.35348,0.03099,0,0
"X2.8576",-0.46192,0.03932,0,0
"X2.8582",-1.00074,0.01801,0,0
"X2.8587",1.15418,0.09658,0,0
"X2.8593",-0.72991,0.02684,0,0
"X2.8598",0.63642,0.01962,0,0
"X2.8604",1.73481,0.03651,0,0
"X2.8675",-1.15978,0.02066,0,0
"X2.8681",1.14273,0.03592,0,0
"X2.8686",-0.83405,0.04017,0,0
"X2.8692",1.00074,0.03697,0,0
"X2.8697",-0.51198,0.02073,0,0
"X2.8703",0.01536,0.04267,0,0
"X2.8708",0.90007,0.02024,0,0
"X2.8714",0.59172,0.03295,0,0
"X2.8719",0.58469,0.01176,0,0
"X2.8725",-1.31083,0.02257,0,0
"X2.873",-0.54941,0.02381,0,0
"X2.8736",0,0,0,0
"X3.0269",-0.63653,0.04233,0,0
"X3.0275",0.49328,0.07674,0,0
"X3.0946",0.612,0.01631,0,0
"X3.0951",1.45514,0.05504,0,0
"X3.0957",-1.00074,0.01438,0,0
"X3.0962",0,0.01332,0,0
"X3.0968",0,0.00257,0,0
"X3.0973",-0.46225,0.01516,0,0
"X3.0979",-0.04689,0.01481,0,0
"X3.0984",0.6034,0.03084,0,0
"X3.099",0.72957,0.0576,0,0
"X3.8532",-1.73549,0.04313,0,0
"X3.8538",-1.27298,0.03971,0,0
"X3.8576",1.00074,0.02258,0,0
"X3.8582",0.18975,0.04819,0,0
"X3.8587",-0.4524,0.02169,0,0
"X4.5003",0.03554,0.04978,0,0
"X4.5008",0.5603,0.01976,0,0
"X5.0962",-0.83401,0.0551,0,0
"X5.1798",-1.73527,0.0371,0,0
"X5.1803",-1.00074,0.0391,0,0
"X5.1809",1.0794,0.02342,0,0
"X5.1814",-0.06663,0.01345,0,0
"X5.182",-0.8015,0.02657,0,0
"X5.1825",0,0.00543,0,0
"X5.1831",0.23582,0.06176,0,0
"X5.1836",1.00074,0.01299,0,0
"X5.1842",0.0192,0.0084,0,0
"X5.1847",-0.49142,0.03546,0,0
"X5.1853",-0.12449,0.04393,0,0
"X5.1858",-1.4163,0.018,0,0
"X5.1864",1.53553,0.02911,0,0
"X5.1869",-1.00074,0.01132,0,0
"X5.1875",-0.37167,0.04012,0,0
"X5.188",0,0,0,0
"X5.1886",-1.41618,0.01472,0,0
"X5.1891",-0.03964,0.01732,0,0
"X5.1897",0,0.01291,0,0
"X5.1902",1.08323,0.04447,0,0
"X5.1908",-1.00074,0.02943,0,0
"X5.1913",1.00074,0.01129,0,0
"X5.1919",1.41628,0.02967,0,0
"X5.1924",-0.86562,0.04468,0,0
"X5.2139",-0.04882,0.02817,0,0
"X5.2144",1.00074,0.0085,0,0
"X5.215",-0.46197,0.02126,0,0
"X5.2155",0,0.01871,0,0
"X5.2161",-1.62069,0.01641,0,0
"X5.2166",1.34503,0.01108,0,0
"X5.2172",-1.10779,0.04056,0,0
"X5.2177",1.00074,0.0115,0,0
"X5.2183",1.00074,0.00144,0,0
"X5.2205",2.0686,0.03646,0,0
"X5.221",-1.35115,0.01373,0,0
"X5.2216",-0.46905,0.03186,0,0
"X5.2221",-1.00074,0.00291,0,0
"X5.2226",1.00074,0.01188,0,0
"X5.2232",0.72489,0.04602,0,0
"X5.2248",-1.00074,0.011,0,0
"X5.2254",-1.00074,0.02571,0,0
"X5.2259",-1.00074,0.02514,0,0
"X5.2265",0.40557,0.05749,0,0
"X5.2754",0,0,0,0
"X5.276",0,0.00819,0,0
"X5.2765",0,0.00576,0,0
"X5.2815",1.41035,0.01283,0,0
"X5.282",-1.00074,0.01902,0,0
"X5.2826",0.90456,0.04491,0,0
"X5.2831",0.58542,0.02318,0,0
"X5.2837",0.85171,0.04428,0,0
"X5.2842",-1.00074,0.0094,0,0
"X5.2897",-0.27603,0.04217,0,0
"X5.2903",0.09866,0.07996,0,0
"X5.2908",-0.95391,0.03535,0,0
"X5.2919",0.90725,0.05841,0,0
"X5.3018",0.03927,0.01048,0,0
"X5.3024",0.61475,0.03836,0,0
"X5.3084",-1.56824,0.02417,0,0
"X5.309",-1.41556,0.00787,0,0
"X5.3101",-1.00074,0.01981,0,0
"X5.3452",-1.00074,0.0065,0,0
"X5.3595",-0.04571,0.03145,0,0
"X5.3601",-1.00074,0.01547,0,0
"X5.3606",0.93394,0.03973,0,0
"X5.3612",1.22451,0.01743,0,0
"X5.3617",-1.00074,0.00497,0,0
"X5.4085",2.30579,0.04937,0,0
"X6.1198",1.75614,0.02856,0,0
"X6.1869",0.84441,0.02135,0,0
"X6.972",-1.42746,0.05112,0,0
"X7.807",-1.00074,0.00835,0,0
"X8.1644",-1.41579,0.00812,0,0
"X8.6394",1.41485,0.03125,0,0
"X9.1083",1.9089,0.0164,0,0
"X9.3722",0.60088,0.02378,0,0
"X2.94_367.1209m.z",1.41617,0.02896,0,0
"X2.88_430.3307m.z",-1.00074,0.00999,0,0
"X2.68_178.0779m.z",1.56401,0.1284,0,0
"X2.69_625.2683m.z",1.83896,0.10888,0,0
"X2.77_841.2319m.z",1.64926,0.08174,0,0
"X2.77_635.1525m.z",-0.91273,0.02818,0,0
"X2.77_290.0644n",-0.31953,0.03479,0,0
"X2.78_652.2054m.z",0.36133,0.03438,0,0
"X2.73_765.2021m.z",0.92439,0.06672,0,0
"X3.19_511.1019m.z",0.25178,0.01039,0,0
"X3.18_891.2649m.z",-1.00074,0.00813,0,0
"X3.18_210.0614n",1.59737,0.03332,0,0
"X3.18_172.0604m.z",-0.43913,0.03053,0,0
"X3.18_653.1734m.z",0.02797,0.03502,0,0
"X3.22_159.1041n",1.41596,0.03895,0,0
"X3.17_709.2354m.z",0.50254,0.0557,0,0
"X3.18_681.2047m.z",0,0.03394,0,0
"X3.17_539.1334m.z",0.48648,0.02704,0,0
"X3.17_777.2211m.z",-0.85821,0.0296,0,0
"X3.17_448.1555n",0,0.00196,0,0
"X3.17_556.1244m.z",1.00074,0.00836,0,0
"X3.28_529.1987m.z",-1.00074,0.00773,0,0
"X3.32_495.1689m.z",-1.00074,0.02727,0,0
"X3.22_144.1243m.z",-0.91321,0.04518,0,0
"X3.25_133.0427m.z",0.48743,0.0409,0,0
"X3.02_539.1942m.z",-1.78556,0.01919,0,0
"X2.98_196.0451n",1.00074,0.0131,0,0
"X2.99_602.1775m.z",-0.41851,0.01976,0,0
"X2.99_572.0986n",0.24286,0.04503,0,0
"X2.99_158.0443m.z",1.67951,0.03085,0,0
"X5.56_344.0727m.z",1.03934,0.00795,0,0
"X5.56_203.2467m.z",0,0.00512,0,0
"X2.99_483.0708m.z",0.49126,0.01203,0,0
"X2.99_536.1878m.z",1.62224,0.05129,0,0
"X2.99_287.0231m.z",-1.28354,0.04142,0,0
"X2.99_807.1687m.z",-1.00074,0.01478,0,0
"X2.99_679.1214m.z",1.00074,0.00711,0,0
"X5.51_245.2791m.z",1.62175,0.02693,0,0
"X3.14_470.1997m.z",1.35508,0.01496,0,0
"X3.12_142.1758m.z",0.04953,0.05306,0,0
"X3.13_283.0894n",2.12154,0.10359,0,1
"X5.51_551.1705m.z",13.0033,9.56465,1,1
"X5.51_562.3196m.z",1.21614,0.05193,0,0
"X3.07_283.1580n",1.89662,0.13064,0,0
"X3.08_547.2104m.z",0.03501,0.0185,0,0
"X2.06_270.2831n",1.00074,0.00713,0,0
"X2.06_251.1251m.z",0.54811,0.05942,0,0
"X2.09_198.0623n",0.98612,0.06825,0,0
"X2.08_367.1895m.z",1.00074,0.03813,0,0
"X2.22_349.1096m.z",1.00074,0.01,0,0
"X2.19_259.1646m.z",1.56139,0.25881,0,0
"X2.19_199.0632m.z",-0.54072,0.01987,0,0
"X1.93_160.0545m.z",0.38856,0.02152,0,0
"X1.84_322.1472n",1.66118,0.07783,0,0
"X1.89_172.0957m.z",0.92332,0.13614,0,1
"X5.71_144.1919m.z",1.06382,0.0258,0,0
"X2.03_257.1018n",1.34826,0.04375,0,0
"X2.50_237.1833m.z",-2.00458,0.02753,0,0
"X5.63_163.0859m.z",1.8511,0.0664,0,0
"X5.62_160.0526m.z",-0.82888,0.06731,0,0
"X2.36_651.1943m.z",1.19476,0.03719,0,0
"X2.28_456.0927m.z",0.40049,0.04333,0,0
"X2.42_237.1836m.z",1.00074,0.00424,0,0
"X2.38_463.1842n",-0.98582,0.04923,0,0
"X4.49_87.0435m.z",1.00074,0.01612,0,0
"X4.47_148.0341m.z",1.73584,0.01978,0,0
"X4.43_202.1581m.z",0.29934,0.19088,0,0
"X4.42_224.1007m.z",-0.43678,0.01222,0,0
"X5.32_433.2518m.z",1.91075,0.02168,0,0
"X4.61_511.1902n",1.00074,0.00456,0,0
"X4.61_675.2586n",2.68813,0.04795,0,0
"X4.52_296.1992m.z",0,0,0,0
"X4.52_509.1784m.z",-1.00074,0.0278,0,0
"X4.55_190.2275n",2.48316,0.38458,0,1
"X4.57_603.2365n",0,0.01547,0,0
"X4.57_478.2635m.z",0.01971,0.0173,0,0
"X4.56_529.2005n",-0.50482,0.02308,0,0
"X4.21_407.1062m.z",1.00074,0.00286,0,0
"X4.38_201.1110n",1.71421,0.15193,0,0
"X4.39_202.2260m.z",0.62412,0.01335,0,0
"X4.33_223.1618m.z",-1.00074,0.00939,0,0
"X4.32_87.0435m.z",0.23017,0.04967,0,0
"X4.98_250.1647m.z",0.16039,0.1087,0,0
"X5.13_231.2603m.z",1.00074,0.00574,0,0
"X5.11_749.2956n",-1.66582,0.01942,0,0
"X5.18_755.2696m.z",-1.00074,0.01329,0,0
"X5.02_714.2424m.z",0,0.00708,0,0
"X5.01_535.1753m.z",15.64809,10.98904,1,1
"X5.09_268.1632m.z",0.88525,0.08617,0,0
"X4.71_731.2564m.z",0,0,0,0
"X4.71_698.2474m.z",-0.25094,0.04622,0,0
"X4.67_204.0397m.z",1.90044,0.02678,0,0
"X5.32_216.1222n",2.18795,0.06741,0,0
"X4.66_104.0702m.z",-1.32744,0.02931,0,0
"X5.32_476.2086n",1.59304,0.03708,0,0
"X5.46_189.2270m.z",-0.06785,0.0209,0,0
"X5.46_232.1468m.z",3.01053,0.38809,0,1
"X5.46_129.0787n",0.28704,0.02466,0,0
"X3.69_423.9453m.z",-1.00074,0.01581,0,0
"X3.69_585.1788m.z",1.89305,0.04529,0,0
"X3.53_580.2215m.z",-0.3799,0.02332,0,0
"X4.05_323.1789m.z",0.03658,0.03989,0,0
"X4.06_300.2669m.z",1.73534,0.03213,0,0
"X4.03_199.0886n",-1.00074,0.01697,0,0
"X3.99_85.0279m.z",0.00677,0.00637,0,0
"X3.98_340.1879m.z",-0.00658,0.00555,0,0
"X4.02_139.1123m.z",0.94493,0.04977,0,0
"X4.12_101.0594m.z",-0.83038,0.09643,0,0
"X4.09_269.9601m.z",1.36318,0.02588,0,0
"X4.12_146.1171m.z",0.53132,0.06437,0,0
"X4.12_325.1886n",1.00074,0.00458,0,0
"X4.12_146.1509m.z",0.58615,0.05531,0,0
"X4.12_326.3340m.z",0.66438,0.0278,0,0
"X3.80_126.0658m.z",2.63736,0.45893,1,1
"X3.82_124.9861m.z",-1.00074,0.00723,0,0
"X3.74_249.0860n",1.95278,0.10453,0,0
"X3.94_405.3321m.z",1.00074,0.00487,0,0
"X3.95_303.2871m.z",1.75141,0.02627,0,0
"X3.87_407.0966m.z",0.25973,0.0711,0,0
"X3.86_155.1172m.z",0.90214,0.06396,0,0
"X3.89_388.1883m.z",-1.05267,0.03968,0,0
"X0.69_337.0566n",-1.00074,0.01712,0,0
"X1.23_309.1777m.z",-1.00074,0.00196,0,0
"X5.89_231.2854m.z",-1.00074,0.00732,0,0
"X1.30_313.1730m.z",0.6852,0.06434,0,0
"X5.86_527.2784m.z",-0.62087,0.02994,0,0
"X1.34_155.0422m.z",0.00646,0.02528,0,0
"X5.86_134.1647n",-0.62173,0.04097,0,0
"X1.27_274.0368n",1.36173,0.09302,0,0
"X1.27_144.0654m.z",-0.46398,0.04936,0,0
"X1.27_126.0543m.z",1.00074,0.01775,0,0
"X0.76_646.2627m.z",-0.42891,0.02688,0,0
"X6.00_159.1838m.z",-1.27475,0.00669,0,0
"X0.86_242.0219m.z",1.84013,0.11158,0,0
"X0.86_448.1315m.z",1.3369,0.0386,0,0
"X0.90_204.0860m.z",1.00074,0.01521,0,0
"X0.90_226.0690m.z",1.00074,0.02138,0,0
"X0.88_423.0915n",1.15107,0.02028,0,0
"X5.94_147.1122m.z",-1.58133,0.02386,0,0
"X1.04_191.1071m.z",1.13231,0.12833,0,0
"X0.75_172.1245n",2.01939,0.26129,0,1
"X6.00_83.0486m.z",0.53435,0.03901,0,0
"X1.03_114.0909m.z",0.54883,0.03296,0,0
"X1.08_218.1368m.z",0.99309,0.09321,0,1
"X1.66_67.0543n",2.55535,0.11232,0,0
"X1.67_383.1365m.z",0.49621,0.074,0,0
"X1.71_143.0803m.z",4.41684,1.12284,1,1
"X1.73_595.3715n",1.11655,0.02797,0,0
"X1.82_258.0019m.z",2.06043,0.09585,0,0
"X1.72_616.3453m.z",1.66846,0.15193,0,1
"X1.44_379.0702m.z",-0.51295,0.017,0,0
"X1.37_187.1602n",-0.48899,0.02315,0,0
"X5.83_342.2013m.z",5.09033,1.38714,1,1
"X1.40_572.2679m.z",0.60895,0.10524,0,0
"X5.85_513.2971m.z",-1.00074,0.02146,0,0
"X5.85_255.1383n",-1.00074,0.00755,0,0
"X1.39_136.0750m.z",-0.03142,0.00843,0,0
"X3.20_179.0363m.z",-0.34608,0.08273,0,0
"X2.74_423.3050m.z",-0.01297,0.00873,0,0
"X1.05_186.0789n",1.0021,0.05998,0,0
"X2.03_112.0501m.z",2.54867,0.24053,0,1
"X6.01_84.0802m.z",1.93676,0.04977,0,0
"X4.63_204.1693m.z",-0.63264,0.01602,0,0
"X4.01_224.0317m.z",-1.00074,0.00504,0,0
"X3.11_294.0522m.z",0,0,0,0
"X5.97_615.2989m.z",0,0.00257,0,0
"X5.77_233.1481m.z",1.41628,0.01836,0,0
"X2.34_223.0519n",1.99794,0.12517,0,0
"X1.05_371.1302n",-0.81714,0.06664,0,0
"X5.92_158.1268m.z",-1.00674,0.02775,0,0
"X2.36_349.1109m.z",1.00074,0.00576,0,0
"X0.72_257.0391m.z",-0.86038,0.03953,0,0
"X4.32_132.1014m.z",0,0.00823,0,0
"X1.25_279.0151m.z",-0.5153,0.04939,0,0
"X3.09_245.0313m.z",1.00074,0.02186,0,0
"X1.25_190.1053m.z",1.00074,0.02066,0,0
"X6.00_159.1487m.z",-1.48945,0.04795,0,0
"X5.59_324.1904m.z",0.27322,0.02297,0,0
"X3.80_258.1087m.z",2.74649,0.46039,0,1
"X2.04_174.0545m.z",1.32874,0.01408,0,0
"X1.27_272.1482m.z",0.35406,0.02973,0,0
"X1.91_160.0963m.z",0.13996,0.05635,0,0
"X5.36_553.2936m.z",-0.02208,0.01994,0,0
"X5.51_201.1698m.z",2.2133,0.13218,0,1
"X1.66_237.1843m.z",-1.00074,0.00534,0,0
"X3.18_130.0498m.z",0.83402,0.04761,0,0
"X1.29_150.0765m.z",1.00074,0.0084,0,0
"X4.37_305.2115m.z",0.97829,0.02793,0,0
"X1.79_86.0596m.z",1.00074,0.00918,0,0
"X4.01_260.0552m.z",-1.47973,0.03089,0,0
"X4.46_145.1328m.z",-1.00074,0.02243,0,0
"X4.03_299.2101n",-0.28288,0.03712,0,0
"X1.08_329.1916m.z",1.47244,0.07041,0,0
"X1.71_279.1823m.z",1.39583,0.02492,0,0
"X2.73_423.1460m.z",0.47202,0.04087,0,0
"X6.00_100.0752m.z",0.82443,0.04025,0,0
"X5.51_212.1240n",1.19049,0.15961,0,0
"X2.70_351.1253m.z",0,0.00284,0,0
"X2.22_112.0501m.z",-1.41616,0.01176,0,0
"X6.00_191.1383m.z",0.57869,0.02849,0,0
"X3.10_141.0786n",1.00074,0.02231,0,0
"X5.89_231.1701m.z",-1.3365,0.005,0,0
"X6.01_130.0859m.z",1.38859,0.02732,0,0
"X5.95_161.1278m.z",0,0.0014,0,0
"X1.07_156.1376m.z",-1.00074,0.00555,0,0
"X2.99_130.0499m.z",2.35306,0.07484,0,0
"X1.52_130.0854m.z",1.60732,0.0825,0,0
"X5.67_233.1495m.z",2.08752,0.16959,0,0
"X4.20_265.0839m.z",0.67379,0.01118,0,0
"X3.10_96.0802m.z",-0.46146,0.03788,0,0
"X3.59_278.0518m.z",0.00754,0.02948,0,0
"X2.27_370.1141n",1.00074,0.00563,0,0
"X0.79_177.0135m.z",1.00074,0.03291,0,0
"X4.07_384.2738m.z",-1.39641,0.0219,0,0
"X4.93_303.1330m.z",0,0.0042,0,0
"X5.13_230.1377n",-0.4746,0.03586,0,0
"X6.01_175.1436m.z",-0.30635,0.05858,0,0
"X3.09_243.1799m.z",5.27428,1.1089,1,1
"X5.70_216.1471n",-0.12407,0.07967,0,0
"X5.92_203.1892m.z",-0.59641,0.15399,0,1
"X5.70_173.1640m.z",2.01001,0.11805,0,0
"X3.39_186.1478m.z",-0.783,0.0254,0,0
"X3.11_120.0781m.z",2.42243,0.18296,1,1
"X3.12_142.1192m.z",0.60737,0.03048,0,0
"X3.11_339.1907m.z",1.29381,0.0376,0,0
"X4.67_143.0943n",-0.53855,0.09469,0,0
"X0.75_316.1188m.z",0.51828,0.02893,0,0
"X1.26_344.2384m.z",0.78456,0.04995,0,0
"X3.31_186.1480m.z",0,0.00576,0,0
"X3.59_296.0271m.z",1.65148,0.02681,0,0
"X4.12_326.2479m.z",1.18036,0.02612,0,0
"X4.06_173.1387m.z",0,0.00822,0,0
"X4.49_132.1013m.z",-0.7915,0.01041,0,0
"X3.99_301.2255n",1.00074,0.01603,0,0
"X5.68_267.1325m.z",0.05754,0.0055,0,0
"X5.70_130.1216m.z",1.32128,0.07016,0,0
"X3.98_408.1763m.z",0,0.00221,0,0
"X2.53_250.0652m.z",-0.46745,0.02723,0,0
"X6.01_130.1216m.z",-0.04454,0.14153,0,0
"X3.87_319.0615m.z",1.65506,0.08802,0,0
"X1.05_226.0709n",1.33817,0.03677,0,0
"X5.29_231.1809m.z",3.92506,0.97212,1,1
"X0.42_264.9752m.z",1.99228,0.10572,0,0
"X1.05_185.0658m.z",0,0.0054,0,0
"X2.80_231.1324m.z",-0.22372,0.02838,0,0
"X5.51_245.2046m.z",-0.76398,0.06462,0,0
"X5.70_175.1434m.z",0.73961,0.08856,0,0
"X4.67_98.0959m.z",1.35666,0.08927,0,0
"X4.78_318.2276m.z",-0.69605,0.04208,0,0
"X4.48_114.0907m.z",-1.00074,0.01251,0,0
"X1.07_202.1428m.z",2.00362,0.03254,0,0
"X1.07_114.1271m.z",0.31055,0.02452,0,0
"X1.64_268.0814n",1.17358,0.08789,0,0
"X4.33_147.0890n",-1.00074,0.04665,0,0
"X3.06_200.1018n",-1.67271,0.01061,0,0
"X3.60_255.0620n",-1.28783,0.0385,0,0
"X4.28_174.1131m.z",0.39739,0.03922,0,0
"X4.32_318.2258m.z",-0.67755,0.07656,0,0
"X4.44_139.0389m.z",1.00074,0.01621,0,0
"X4.49_157.1209m.z",0.67826,0.05858,0,0
"X4.85_238.0451m.z",-1.41628,0.02624,0,0
"X5.09_152.0831n",2.26004,0.10771,0,0
"X5.09_259.0267m.z",1.14576,0.03335,0,0
"X5.09_457.1199m.z",1.00074,0.00959,0,0
"X5.09_181.0849m.z",1.62439,0.0311,0,0
"X5.09_450.1056n",-0.45734,0.02919,0,0
"X4.64_637.1565m.z",7.87221,3.26299,1,1
"X4.53_467.1612m.z",0.41078,0.02716,0,0
"X4.54_174.1135m.z",0.55189,0.04055,0,0
"X4.84_197.0803m.z",0.97863,0.28094,0,1
"X4.68_637.3314m.z",-1.00074,0.01741,0,0
"X4.70_198.0378m.z",1.91077,0.1191,0,0
"X4.74_482.1419n",1.28159,0.03169,0,0
"X3.01_314.0075m.z",-1.87527,0.05756,0,0
"X3.00_223.0842n",1.41577,0.02729,0,0
"X2.92_341.9955m.z",2.13768,0.27993,0,1
"X2.94_114.0908m.z",0.5489,0.01402,0,0
"X3.18_334.2102m.z",-0.24197,0.09054,0,0
"X3.07_182.0810m.z",0.47268,0.04941,0,0
"X2.79_335.1565m.z",-0.58114,0.0406,0,0
"X2.73_502.0748m.z",0.53429,0.09463,0,0
"X2.88_557.2230m.z",1.53373,0.03915,0,0
"X2.79_960.4482m.z",1.48415,0.04603,0,0
"X2.84_205.1537m.z",1.00074,0.01391,0,0
"X2.84_304.0491m.z",1.378,0.17138,0,1
"X3.56_318.9852m.z",-0.05333,0.01755,0,0
"X3.53_382.1770m.z",1.17405,0.04837,0,0
"X3.70_325.1268m.z",0.29983,0.07083,0,0
"X3.62_569.2382m.z",0.01098,0.02617,0,0
"X3.33_356.1920m.z",0.913,0.04968,0,0
"X3.45_151.1114m.z",0,0.00904,0,0
"X3.45_260.0602m.z",0,0.00221,0,0
"X3.35_342.2371m.z",1.94281,0.28637,1,1
"X3.38_218.1370m.z",-1.27566,0.05764,0,0
"X3.41_192.0398n",0,0.00541,0,0
"X7.55_381.1326m.z",1.67488,0.12126,0,0
"X7.58_406.1954n",0.02772,0.01924,0,0
"X7.36_612.3144m.z",-0.84779,0.01081,0,0
"X7.44_406.2041m.z",0.74866,0.0385,0,0
"X7.87_315.1336m.z",0,0.0126,0,0
"X7.91_382.2576m.z",0.40235,0.02928,0,0
"X7.91_466.1970m.z",0.95718,0.0681,0,0
"X7.69_316.2475m.z",-0.01373,0.03265,0,0
"X7.78_358.4053m.z",-0.02668,0.01647,0,0
"X7.76_577.2313m.z",2.22109,0.07868,0,0
"X6.88_382.0828m.z",-0.06162,0.02961,0,0
"X6.88_692.3437m.z",0.65088,0.16096,0,0
"X6.88_223.1186n",-1.19996,0.05341,0,0
"X6.96_693.4261m.z",1.00074,0.00481,0,0
"X6.96_302.5679m.z",0.07725,0.02347,0,0
"X6.96_302.5025m.z",-1.00074,0.01624,0,0
"X6.96_302.3685m.z",-0.7626,0.02514,0,0
"X6.97_401.2714m.z",0.26706,0.07862,0,0
"X6.76_326.3361m.z",1.37108,0.02014,0,0
"X6.75_165.0902m.z",1.01335,0.17976,0,1
"X6.76_183.1022m.z",2.27512,0.37698,1,1
"X6.76_266.1154n",0,0.00291,0,0
"X7.20_237.1845m.z",0.20665,0.05044,0,0
"X7.16_652.3926n",-0.03927,0.02104,0,0
"X7.28_332.1474m.z",0.28097,0.16225,0,0
"X7.26_437.1806m.z",-1.41616,0.02219,0,0
"X7.16_356.2423m.z",0.71965,0.02172,0,0
"X8.92_401.3036m.z",1.74102,0.11396,0,0
"X8.78_557.3235m.z",1.24623,0.17146,0,0
"X9.45_410.2889m.z",0,0.00458,0,0
"X8.39_367.2983m.z",1.26819,0.02461,0,0
"X8.39_614.3671n",0.91271,0.01822,0,0
"X8.39_561.3413m.z",0.79029,0.08855,0,0
"X8.39_403.3196m.z",1.00074,0.02384,0,0
"X8.39_385.3087m.z",1.49213,0.07801,0,0
"X8.08_572.2703m.z",0.64255,0.05314,0,0
"X8.02_138.0549m.z",0.93531,0.03841,0,0
"X8.02_595.3708n",0.87853,0.05679,0,0
"X8.08_577.2297m.z",0.73396,0.09329,0,0
"X8.16_553.2930m.z",0,0.00235,0,0
"X8.12_204.0869m.z",1.16797,0.2166,0,1
"X8.60_590.3298m.z",0.7407,0.03023,0,0
"X8.61_625.3491n",1.88991,0.01636,0,0
"X8.66_544.3214m.z",2.55003,0.29257,0,1
"X8.63_383.2661n",-0.40878,0.04047,0,0
"X8.63_479.2244m.z",-1.34021,0.03753,0,0
"X8.39_543.3295m.z",2.1281,0.05095,0,0
"X8.39_349.2875m.z",1.00074,0.0061,0,0
"X8.53_330.2629m.z",1.00074,0.02047,0,0
"X8.47_648.3355m.z",-1.41536,0.02077,0,0
"X5.64_235.1686m.z",1.00074,0.01772,0,0
"X5.67_237.1838m.z",-0.05805,0.04874,0,0
"X5.82_303.2106n",2.09474,0.15501,0,0
"X5.79_434.0622n",0.49082,0.07055,0,0
"X5.35_400.2660m.z",0.48724,0.05294,0,0
"X5.24_576.3107m.z",0.29312,0.09057,0,0
"X5.38_478.2726m.z",1.41456,0.01943,0,0
"X5.45_476.2453m.z",-0.33251,0.04042,0,0
"X5.46_530.2664m.z",1.56295,0.06185,0,0
"X6.35_329.2194n",-1.15716,0.03353,0,0
"X6.47_296.1628n",1.04035,0.08106,0,0
"X6.71_344.2408m.z",-0.01973,0.01083,0,0
"X6.08_478.2616m.z",-0.54807,0.00658,0,0
"X5.93_535.2449m.z",0.2222,0.04082,0,0
"X5.97_666.3705n",1.84119,0.13312,0,1
"X5.99_148.1243n",-1.42737,0.02981,0,0
"X6.27_300.3519m.z",1.00074,0.02918,0,0
"X6.27_139.1107m.z",0.046,0.01892,0,0
"X6.27_303.2241m.z",0.0064,0.03152,0,0
"X6.16_601.2910n",1.90413,0.16316,0,1
"X6.17_477.2606m.z",0.32214,0.11815,0,0
"X6.17_526.3084m.z",0.97806,0.07036,0,0
"X6.17_138.0552m.z",3.41301,0.93774,1,1
"X6.17_168.0663m.z",5.78662,1.72489,1,1
"X6.17_646.2635m.z",0.89504,0.14416,0,0
"X1.34_429.1163m.z",1.75554,0.29606,0,1
"X1.35_262.0181m.z",-1.00074,0.01574,0,0
"X1.36_231.2607m.z",0.02525,0.03474,0,0
"X1.36_159.0759m.z",0.44217,0.00743,0,0
"X1.36_206.1375m.z",0.93052,0.02771,0,0
"X1.36_201.0864m.z",0.04001,0.00872,0,0
"X1.36_501.1493m.z",0.00329,0.04296,0,0
"X1.36_217.1309n",-1.00074,0.00292,0,0
"X1.35_490.0802n",-1.00074,0.01822,0,0
"X1.35_234.0492n",-0.81534,0.06808,0,0
"X1.35_235.5559m.z",1.55145,0.03751,0,0
"X1.28_934.3362m.z",-0.82775,0.01593,0,0
"X1.32_351.0487n",-0.48304,0.02015,0,0
"X1.31_585.1980m.z",0.65795,0.02291,0,0
"X1.36_115.0860m.z",1.41146,0.03532,0,0
"X1.43_201.1111n",2.13056,0.06939,0,0
"X1.44_143.0340m.z",1.42355,0.07715,0,0
"X1.44_117.0176m.z",-1.65342,0.05121,0,0
"X1.44_130.9846n",0.6154,0.02936,0,0
"X1.44_190.0459n",-0.37416,0.03589,0,0
"X1.44_128.0102m.z",1.72609,0.0527,0,0
"X1.43_202.2282m.z",1.60716,0.11338,0,0
"X1.40_193.5687m.z",0,0.01673,0,0
"X1.37_205.0503m.z",-1.01388,0.02965,0,0
"X1.37_202.1593m.z",1.05204,0.03036,0,0
"X1.38_888.3297m.z",1.08852,0.02606,0,0
"X1.36_156.0892n",2.45838,0.13297,0,0
"X1.40_543.1816n",0.08086,0.01238,0,0
"X1.39_275.1586m.z",1.00553,0.14928,0,0
"X1.39_731.2586m.z",1.35057,0.03476,0,0
"X1.39_248.0675m.z",2.01626,0.30303,0,1
"X1.03_246.1802m.z",2.93145,0.16498,0,1
"X1.02_585.1978m.z",-0.47732,0.03112,0,0
"X1.02_177.5462m.z",-1.88675,0.05631,0,0
"X1.02_284.1957m.z",1.64789,0.07884,0,0
"X1.02_495.1545m.z",0.46654,0.0174,0,0
"X1.09_388.2162m.z",1.00074,0.02113,0,0
"X1.06_354.2120m.z",-0.00263,0.04481,0,0
"X1.07_714.2431m.z",1.41542,0.01053,0,0
"X1.07_313.1742m.z",0.60337,0.0184,0,0
"X0.99_731.2585m.z",1.00074,0.02012,0,0
"X0.98_227.0405m.z",0.53283,0.01942,0,0
"X0.97_473.1164m.z",-0.0067,0.04061,0,0
"X0.97_560.0893n",-0.24527,0.15686,0,0
"X0.98_389.6066m.z",-2.00249,0.04533,0,0
"X0.98_266.5651m.z",0,0.03077,0,0
"X0.98_577.1271m.z",-0.52752,0.03126,0,0
"X1.10_321.5981m.z",0,0.00336,0,0
"X1.23_162.0752m.z",-1.2664,0.01433,0,0
"X1.23_275.1597m.z",1.20253,0.03708,0,0
"X1.26_1006.3554m.z",-1.00074,0.0166,0,0
"X1.27_861.3511m.z",0.28818,0.15223,0,0
"X1.21_229.2724m.z",5.26949,1.52056,1,1
"X1.10_603.2370n",1.73587,0.02744,0,0
"X1.10_261.2692m.z",-0.35278,0.015,0,0
"X1.10_261.1444m.z",0,0.00739,0,0
"X1.11_305.1699m.z",-0.44728,0.01132,0,0
"X1.18_755.2689m.z",-1.00074,0.0225,0,0
"X1.72_229.2717m.z",5.58777,1.09522,1,1
"X1.70_333.1991m.z",-0.02281,0.03785,0,0
"X1.72_685.2488m.z",0,0.01105,0,0
"X1.70_608.2134m.z",-0.6218,0.04345,0,0
"X1.67_86.0597m.z",2.69236,0.26859,0,1
"X1.84_439.1557m.z",2.36527,0.18813,0,1
"X1.82_570.2043m.z",-1.00074,0.01127,0,0
"X1.87_247.0434n",-0.01447,0.02863,0,0
"X1.87_346.0480n",0.72897,0.07718,0,0
"X1.77_685.2474m.z",1.00074,0.01,0,0
"X1.79_173.0908m.z",0.41249,0.0667,0,0
"X1.79_782.2983m.z",0.03628,0.03149,0,0
"X1.79_253.1015n",0.81826,0.06051,0,0
"X1.49_311.1791n",2.78079,0.18115,0,1
"X1.49_604.2420m.z",1.34655,0.03907,0,0
"X1.50_169.0793n",-0.06791,0.0048,0,0
"X1.49_749.2948n",-0.62229,0.0259,0,0
"X1.51_174.1233m.z",-1.30025,0.02251,0,0
"X1.51_173.0441m.z",-1.26816,0.00896,0,0
"X1.50_266.0716m.z",-1.00074,0.03296,0,0
"X1.45_271.1396m.z",1.2417,0.07265,0,0
"X1.44_144.5396m.z",0.82215,0.00708,0,0
"X1.45_204.1339m.z",0.84606,0.08061,0,0
"X1.45_204.2444m.z",1.91514,0.05084,0,0
"X1.48_129.0649m.z",2.03072,0.12096,0,1
"X1.48_742.2731m.z",0.44728,0.00937,0,0
"X1.47_731.2581m.z",-0.4424,0.03213,0,0
"X1.59_158.0816m.z",-0.22033,0.03186,0,0
"X1.63_772.2838m.z",-1.00074,0.01086,0,0
"X1.58_156.0643m.z",0.81141,0.06556,0,0
"X1.54_468.1042n",1.41592,0.02712,0,0
"X1.54_445.0900m.z",0.25818,0.07817,0,0
"X1.52_427.0774m.z",1.12618,0.05006,0,0
"X1.55_569.1976m.z",-0.41682,0.02192,0,0
"X1.55_305.0445m.z",0.79945,0.11259,0,0
"X1.55_206.0669m.z",-1.07832,0.06563,0,0
"X1.55_153.0182m.z",0,0.00284,0,0
"X0.55_155.1174m.z",1.00074,0.0076,0,0
"X0.64_115.0871m.z",1.15487,0.13037,0,0
"X0.65_714.2411m.z",-0.64522,0.02877,0,0
"X0.65_1022.3504m.z",-0.03042,0.01427,0,0
"X0.64_692.2560m.z",-1.00074,0.00863,0,0
"X0.61_969.3853m.z",1.60701,0.01561,0,0
"X0.60_966.3740m.z",1.7028,0.02415,0,0
"X0.60_819.2742m.z",0.61715,0.03573,0,0
"X0.62_112.0380m.z",1.299,0.0413,0,0
"X0.62_548.1883n",1.82102,0.01701,0,0
"X0.63_155.0634n",1.00929,0.03342,0,0
"X0.61_592.2396m.z",1.41545,0.03542,0,0
"X0.47_428.9958m.z",-1.41265,0.00892,0,0
"X0.47_305.0557m.z",1.41298,0.03552,0,0
"X0.51_223.0244m.z",0,0.00284,0,0
"X0.53_314.7833m.z",1.00074,0.03149,0,0
"X0.86_246.1456m.z",1.03747,0.12948,0,0
"X0.86_510.1760m.z",2.19287,0.11944,0,0
"X0.86_225.1205m.z",-0.19218,0.02996,0,0
"X0.85_349.0174m.z",0,0.01134,0,0
"X0.86_205.1442m.z",0.77388,0.11539,0,0
"X0.89_441.1515m.z",2.04484,0.44267,1,1
"X0.87_187.1797m.z",-1.00074,0.01092,0,0
"X0.87_231.2878m.z",-1.00074,0.00288,0,0
"X0.88_242.0964n",0.93776,0.04805,0,0
"X0.82_725.2687m.z",-0.59123,0.02897,0,0
"X0.82_211.0956n",0.02069,0.02415,0,0
"X0.82_805.2853n",1.00074,0.01007,0,0
"X0.80_295.1850m.z",-0.04971,0.02913,0,0
"X0.81_529.2000n",-1.25944,0.02493,0,0
"X0.81_284.5799m.z",1.00074,0.01879,0,0
"X0.83_195.0323m.z",1.32732,0.06176,0,0
"X0.95_510.1376n",0,0.01237,0,0
"X0.95_731.2589m.z",1.41562,0.02163,0,0
"X0.95_384.1467m.z",2.36044,0.29889,1,1
"X0.94_585.1989m.z",1.30801,0.01752,0,0
"X0.95_213.1226m.z",-0.01488,0.04298,0,0
"X0.94_393.1033m.z",-1.11756,0.02267,0,0
"X0.96_98.0596m.z",3.59022,0.52803,1,1
"X0.97_471.1015m.z",-1.41498,0.02759,0,0
"X0.97_172.0600m.z",-0.06727,0.00766,0,0
"X0.95_264.5509m.z",1.2542,0.01398,0,0
"X0.95_256.0622m.z",-0.44236,0.00431,0,0
"X0.90_258.1086m.z",4.28208,0.91748,1,1
"X0.90_1080.3924m.z",2.18638,0.05385,0,0
"X0.90_105.0000m.z",1.41556,0.02217,0,0
"X0.91_658.2432m.z",2.27925,0.19777,0,1
"X0.94_114.1259m.z",1.41376,0.01337,0,0
"X0.92_216.1248n",1.09781,0.04512,0,0
"X0.92_158.0841m.z",-0.40992,0.02451,0,0
"X0.92_217.2444m.z",1.10396,0.04745,0,0
"X0.91_146.1170m.z",0.36115,0.04542,0,0
"X0.91_146.2102m.z",-0.04817,0.07481,0,0
"X0.91_200.1026m.z",0.50611,0.03759,0,0
"X0.68_465.2168m.z",-0.58256,0.03872,0,0
"X0.68_572.2598m.z",0.26003,0.05282,0,0
"X0.70_802.2564m.z",0.73324,0.0457,0,0
"X0.66_633.2123n",2.62369,0.11157,0,0
"X0.66_89.0387n",1.94685,0.04667,0,0
"X0.68_198.0566n",1.16946,0.01644,0,0
"X0.67_552.1893m.z",1.00074,0.01313,0,0
"X0.77_418.1282m.z",1.38332,0.06414,0,0
"X0.76_788.2642m.z",-0.0892,0.05396,0,0
"X0.76_276.1527m.z",1.74646,0.03187,0,0
"X0.76_465.2180m.z",0,0.00922,0,0
"X0.79_413.0557n",1.00074,0.02561,0,0
"X0.78_425.1594m.z",3.62516,0.66161,1,1
"X0.77_391.0505m.z",0,0.00373,0,0
"X0.78_323.1792m.z",1.00074,0.01291,0,0
"X0.73_949.3209n",1.41572,0.05017,0,0
"X0.72_517.0896m.z",0.79045,0.02689,0,0
"X0.75_568.1712n",1.64483,0.02311,0,0
"X0.74_861.3228m.z",1.00074,0.01757,0,0
"X2.05_803.2323m.z",0.66528,0.01215,0,0
"X2.05_412.1156n",1.28533,0.13079,0,1
"X2.05_467.0444m.z",0.35388,0.03992,0,0
"X2.05_888.3304m.z",0,0.0036,0,0
"X2.37_594.3054n",8.34911,3.28401,1,1
"X2.06_97.0645m.z",1.00074,0.03605,0,0
"X2.38_367.0905n",1.41571,0.01773,0,0
"X2.06_293.1509m.z",4.12184,0.62051,1,1
"X2.07_895.3504n",1.00074,0.01521,0,0
"X1.99_172.0954m.z",0.61439,0.17372,0,1
"X2.40_247.1280m.z",0.59228,0.01758,0,0
"X2.00_347.1788m.z",-0.05504,0.08983,0,0
"X2.43_306.9854m.z",2.43522,0.21887,0,1
"X2.22_83.0731n",1.32917,0.02343,0,0
"X2.26_267.6234m.z",0.77778,0.1579,0,1
"X2.26_257.0349n",-0.00677,0.0056,0,0
"X2.25_260.1363n",-1.00074,0.01697,0,0
"X2.26_338.1546m.z",0,0.02061,0,0
"X2.22_231.1338m.z",-0.96762,0.06257,0,0
"X2.22_527.2000m.z",0.02011,0.01972,0,0
"X2.21_449.2194m.z",1.81941,0.07584,0,0
"X2.31_226.0687m.z",-1.00074,0.02597,0,0
"X2.32_603.2315m.z",1.34826,0.03305,0,0
"X2.33_632.1884m.z",0.85273,0.07857,0,0
"X2.30_140.0161m.z",1.53103,0.07582,0,0
"X2.31_288.0117n",5.82666,2.13591,1,1
"X2.10_557.2310n",-1.65399,0.02464,0,0
"X2.58_151.0635n",11.36462,6.79918,1,1
"X2.57_327.1537m.z",-0.63855,0.02645,0,0
"X2.59_318.0226n",3.46168,0.6724,1,1
"X2.59_408.2584m.z",0.3807,0.02715,0,0
"X1.89_212.0786n",1.51937,0.06378,0,0
"X2.67_334.2204m.z",0.84116,0.12144,0,0
"X1.87_172.1334m.z",-1.66539,0.01925,0,0
"X1.89_196.0470m.z",-1.4474,0.07885,0,0
"X1.88_877.3151m.z",0.88188,0.04725,0,0
"X1.92_650.1867m.z",1.84496,0.16244,0,0
"X2.62_253.0317m.z",-1.22839,0.0173,0,0
"X2.62_92.1133n",2.40113,0.16352,0,1
"X2.62_125.0837n",2.63166,0.22513,1,1
"X2.63_408.2580m.z",1.17986,0.11505,0,1
"X1.97_1034.3873m.z",-1.00074,0.00863,0,0
"X8.20_555.3073m.z",1.59452,0.01886,0,0
"X1.44_85.0282m.z",0.05703,0.02078,0,0
"X4.74_197.0805m.z",1.1292,0.04066,0,0
"X1.79_127.0860m.z",-0.31355,0.01201,0,0
"X1.55_188.0539m.z",0.98294,0.02579,0,0
"X1.35_254.0301m.z",0,0.00943,0,0
"X5.89_199.1206n",1.00074,0.01782,0,0
"X1.41_95.0125m.z",-0.57934,0.03044,0,0
"X2.19_157.0494m.z",1.8868,0.16255,0,1
"X1.99_539.1949m.z",1.64307,0.06337,0,0
"X4.28_86.0959m.z",0.89334,0.03209,0,0
"X5.82_237.1841m.z",-1.3418,0.02755,0,0
"X7.30_355.2349n",1.41616,0.04205,0,0
"X4.90_117.0252n",-0.01972,0.03155,0,0
"X0.72_344.1521m.z",-1.34834,0.01859,0,0
"X1.71_590.2649n",-1.41385,0.0102,0,0
"X2.67_280.0502m.z",-0.50374,0.02609,0,0
"X0.48_404.9947m.z",-1.00074,0.01583,0,0
"X6.49_311.2596m.z",1.00074,0.0028,0,0
"X1.53_267.1332m.z",1.38082,0.01884,0,0
"X0.80_901.3242m.z",1.00074,0.0113,0,0
"X0.82_82.0523n",-1.41628,0.03588,0,0
"X1.48_245.1602m.z",0,0.00836,0,0
"X3.46_227.1320m.z",1.00074,0.02226,0,0
"X1.49_100.0403n",1.45643,0.20032,0,1
"X1.24_803.2798m.z",1.00074,0.01216,0,0
"X3.00_268.0556m.z",-1.00074,0.00291,0,0
"X6.93_214.1436m.z",-1.62203,0.07662,0,0
"X0.74_244.0557n",0.65986,0.02459,0,0
"X2.67_283.9966n",0.91428,0.03536,0,0
"X5.98_275.1878n",1.12297,0.02565,0,0
"X1.36_70.0649m.z",0.42787,0.05321,0,0
"X2.31_126.0546m.z",0,0.04764,0,0
"X2.05_281.1487m.z",-0.30624,0.03189,0,0
"X1.58_180.0968m.z",-1.00074,0.00535,0,0
"X3.85_275.1434m.z",1.00074,0.01765,0,0
"X1.37_877.3147m.z",2.52691,0.03673,0,0
"X2.62_143.1172m.z",2.2557,0.29058,0,1
"X3.68_211.1685m.z",0.63629,0.01663,0,0
"X4.90_279.0220m.z",0.08933,0.03553,0,0
"X3.23_303.0407n",0,0,0,0
"X8.21_316.2479m.z",0.57995,0.10544,0,0
"X3.42_205.1228m.z",0.38234,0.07306,0,0
"X3.46_262.1311n",0.79307,0.12203,0,0
"X0.64_837.3101n",1.41587,0.0195,0,0
"X1.68_315.1066n",0.20913,0.09876,0,0
"X4.08_309.1889n",0.98014,0.01927,0,0
"X3.04_77.0262n",1.4129,0.06036,0,0
"X7.74_358.3212m.z",1.34031,0.02915,0,0
"X0.95_552.1893m.z",3.23376,0.44553,1,1
"X1.65_126.0289n",1.51593,0.05599,0,0
"X0.70_934.3341m.z",1.63994,0.01767,0,0
"X1.05_164.1035m.z",-1.00074,0.00953,0,0
"X6.08_344.2406m.z",0.42634,0.0099,0,0
"X8.23_204.0871m.z",2.65783,0.18057,1,1
"X0.86_264.0548m.z",-1.10735,0.02565,0,0
"X1.70_260.1490m.z",1.65866,0.00929,0,0
"X0.53_219.0267m.z",-1.00074,0.0186,0,0
"X0.47_159.1487m.z",-1.635,0.03358,0,0
"X2.06_253.1314n",-1.00074,0.01383,0,0
"X0.94_217.2682m.z",1.26304,0.02713,0,0
"X0.94_217.4255m.z",0.73762,0.03783,0,0
"X4.28_132.0977m.z",1.35109,0.02163,0,0
"X7.74_357.2519n",0.6828,0.0635,0,0
"X1.02_305.1111m.z",-1.83876,0.0327,0,0
"X5.66_308.0587m.z",0,0.01461,0,0
"X2.30_351.0319m.z",1.29049,0.04497,0,0
"X1.79_215.1012m.z",-0.0425,0.0293,0,0
"X1.60_213.0131m.z",-0.01539,0.05281,0,0
"X3.05_231.1328m.z",1.69392,0.0981,0,0
"X0.95_543.0663m.z",-1.43505,0.02104,0,0
"X0.94_173.1639m.z",0.51032,0.03269,0,0
"X1.56_133.0765n",-1.33174,0.03345,0,0
"X2.28_203.0882m.z",1.65292,0.02447,0,0
"X3.33_148.0393m.z",0.61055,0.03509,0,0
"X1.06_153.1083n",0,0.04294,0,0
"X1.95_130.0855m.z",-0.31688,0.02013,0,0
"X1.29_223.0508n",0,0.0145,0,0
"X8.11_281.2250m.z",1.18799,0.26515,0,1
"X1.71_569.2038m.z",1.50135,0.03299,0,0
"X1.46_210.0080n",-1.00074,0.02374,0,0
"X4.45_230.0787m.z",-0.81714,0.04215,0,0
"X2.44_223.1435m.z",1.70073,0.20934,0,0
"X8.34_553.2937m.z",-1.00074,0.01153,0,0
"X8.02_186.0759m.z",0.67191,0.03531,0,0
"X7.02_381.1899m.z",1.70085,0.37458,0,1
"X3.83_153.1269m.z",1.00074,0.04042,0,0
"X5.44_204.0872m.z",2.26249,0.31545,0,0
"X6.76_326.2559m.z",0.9488,0.05739,0,0
"X6.88_258.1276n",0.24649,0.05614,0,0
"X6.20_363.1030m.z",0,0.00245,0,0
"X8.18_381.1290m.z",2.75832,0.21599,0,1
"X2.08_715.2618m.z",0,0,0,0
"X6.96_85.0281m.z",1.63501,0.02728,0,0
"X1.54_185.0666m.z",-0.34303,0.00797,0,0
"X0.97_437.0957m.z",0.74611,0.01501,0,0
"X1.04_142.2753m.z",1.80375,0.05525,0,0
"X8.82_384.2730m.z",-1.1792,0.0183,0,0
"X0.99_641.2252m.z",1.41606,0.0192,0,0
"X1.79_232.1289m.z",-0.40947,0.05128,0,0
"X8.02_204.0866m.z",-0.30213,0.04059,0,0
"X0.97_188.0796n",1.00074,0.00285,0,0
"X0.80_134.1160m.z",-1.32207,0.01873,0,0
"X4.28_260.1849m.z",1.00074,0.01536,0,0
"X0.60_658.2434m.z",0.05333,0.01456,0,0
"X9.72_382.2939m.z",3.19824,0.33757,1,1
"X1.55_206.2140n",-0.66437,0.04162,0,0
"X1.79_84.0804m.z",1.72683,0.05702,0,0
"X3.38_200.1273m.z",1.22434,0.04641,0,0
"X0.59_281.1003m.z",-0.39586,0.02508,0,0
"X0.77_382.0547n",0.61508,0.01116,0,0
"X6.96_242.1518n",-1.00074,0.00147,0,0
"X0.88_344.0599n",2.11281,0.05643,0,0
"X6.18_272.1486m.z",-1.4159,0.01258,0,0
"X1.55_301.9961m.z",0,0.00261,0,0
"X2.73_186.1477m.z",1.00074,0.01326,0,0
"X4.00_318.2263m.z",-0.02486,0.0479,0,0
"X4.45_216.0868m.z",1.22525,0.04059,0,0
"X6.96_301.2248n",-1.00074,0.00276,0,0
"X3.71_330.2351m.z",0,0,0,0
"X6.96_392.2013m.z",-1.00074,0.01619,0,0
"X1.47_112.0500m.z",-0.61995,0.06838,0,0
"X6.77_237.1837m.z",-1.33174,0.03567,0,0
"X0.77_158.0442m.z",-1.63365,0.01821,0,0
"X1.54_280.0127m.z",-0.31722,0.04351,0,0
"X0.94_217.1991m.z",-1.80149,0.01712,0,0
"X1.54_120.4937n",0.19822,0.07214,0,0
"X5.09_242.0531n",1.1507,0.05063,0,0
"X0.77_357.0535n",-1.00074,0.00569,0,0
"X3.67_424.1573m.z",1.00074,0.02067,0,0
"X1.47_514.1996n",1.00074,0.00145,0,0
"X6.27_85.0281m.z",0.01821,0.03694,0,0
"X1.94_113.0341m.z",0.38919,0.04446,0,0
"X0.62_411.1415n",1.47744,0.03476,0,0
"X5.12_274.2008m.z",1.24343,0.09229,0,0
"X5.07_368.2051m.z",0,0.02452,0,0
"X8.34_412.2459m.z",1.26471,0.02101,0,0
"X3.53_360.1989m.z",-0.04689,0.09112,0,0
"X5.07_246.1652m.z",0.7152,0.10349,0,0
"X6.16_204.0867m.z",1.16414,0.05283,0,0
"X1.27_233.1495m.z",1.09786,0.05399,0,0
"X0.81_350.1386m.z",-0.82977,0.03211,0,0
"X0.93_144.3202m.z",-0.22847,0.05033,0,0
"X0.86_203.2492m.z",-0.86754,0.021,0,0
"X1.79_115.0865m.z",1.00074,0.03022,0,0
"X1.36_267.1804m.z",1.00074,0.00759,0,0
"X2.91_104.0492n",-1.78974,0.03381,0,0
"X1.46_148.0368n",-0.41819,0.03017,0,0
"X1.44_293.0535m.z",0.70678,0.02892,0,0
"X6.16_186.0759m.z",1.85346,0.2755,0,1
"X6.27_322.1490m.z",-1.41608,0.0243,0,0
"X4.50_243.1694m.z",0.28431,0.04164,0,0
"X4.44_221.0413m.z",1.63367,0.01738,0,0
"X0.77_87.0320n",0.02571,0.01744,0,0
"X1.44_97.0281m.z",0,0.00196,0,0
"X6.76_325.1893n",1.00074,0.02669,0,0
"X1.06_141.0785n",1.98462,0.08882,0,0
"X1.05_281.1451m.z",1.1165,0.01518,0,0
"X1.41_242.0654m.z",1.04229,0.04092,0,0
"X4.28_128.1063m.z",1.00074,0.00975,0,0
"X0.76_176.1299m.z",-1.00074,0.01723,0,0
"X6.95_301.2998n",-0.42188,0.01894,0,0
"X2.11_412.1749m.z",0.25166,0.04815,0,0
"X0.72_349.1112m.z",-0.47851,0.01813,0,0
"X6.27_299.2090n",1.07435,0.05592,0,0
"X0.94_349.1093m.z",-1.00074,0.02834,0,0
"X0.47_350.0536n",-0.45725,0.00576,0,0
"X2.64_190.0215n",-1.04788,0.08533,0,0
"X6.88_114.1271m.z",0,0.01239,0,0
"X5.90_112.1115m.z",0,0.00458,0,0
"X0.70_529.1994n",1.76048,0.08426,0,0
"X2.92_261.1432m.z",0.98305,0.04135,0,0
"X5.76_230.0978n",-1.65836,0.02447,0,0
"X0.87_231.2154m.z",1.00074,0.02473,0,0
"X0.77_116.0337m.z",-2.24379,0.06694,0,0
"X0.78_70.0285m.z",0.0136,0.0101,0,0
"X1.87_98.0959m.z",-0.47129,0.04927,0,0
"X1.88_181.0361m.z",1.08135,0.04541,0,0
"X8.63_263.1998m.z",-1.29278,0.00819,0,0
"X1.02_192.0992n",1.12126,0.03981,0,0
"X0.72_358.9547m.z",1.00074,0.00529,0,0
"X0.87_145.0846n",-0.67092,0.03703,0,0
"X1.79_115.0387m.z",0.85765,0.07235,0,0
"X3.41_137.0837n",1.4111,0.10363,0,0
"X5.95_226.0838n",0,0,0,0
"X0.94_218.1566m.z",-1.44334,0.04188,0,0
"X1.56_226.0202m.z",0.39221,0.04103,0,0
"X0.90_202.1180m.z",1.22995,0.03143,0,0
"X6.88_184.1322m.z",-1.41615,0.01265,0,0
"X0.54_81.0335m.z",-0.59472,0.02803,0,0
"X5.09_294.0423m.z",2.00484,0.02429,0,0
"X2.75_312.0758n",-1.19419,0.05531,0,0
"X2.31_354.1509n",-0.02974,0.07523,0,0
"X0.93_144.1018m.z",0,0.00838,0,0
"X0.94_175.1434m.z",0.04477,0.0294,0,0
"X8.60_414.2974m.z",0.60448,0.03851,0,0
"X1.54_227.0776m.z",1.00074,0.01197,0,0
"X0.94_98.0960m.z",0,0.02051,0,0
"X2.40_376.1252m.z",1.00074,0.01183,0,0
"X0.82_349.1104m.z",-0.39135,0.03216,0,0
"X1.87_160.0962m.z",1.95029,0.01755,0,0
"X0.87_231.1702m.z",-1.00074,0.00955,0,0
"X1.77_252.0853m.z",2.14667,0.05656,0,0
"X6.27_202.1714n",1.11282,0.04684,0,0
"X1.40_400.0947n",2.06061,0.04455,0,0
"X6.88_202.1436m.z",1.15375,0.03915,0,0
"X9.23_386.2886m.z",1.13302,0.03527,0,0
"X1.73_292.2010m.z",0.00652,0.01057,0,0
"X1.88_267.1696m.z",-0.5213,0.04702,0,0
"X5.09_198.0892n",0.54792,0.01301,0,0
"X6.88_156.1375m.z",1.51015,0.04373,0,0
"X4.48_412.2569n",0.66804,0.05754,0,0
"X4.54_376.2329m.z",0.59609,0.0458,0,0
"X4.66_206.0820m.z",1.73972,0.0314,0,0
"X4.63_459.1498m.z",1.64098,0.02316,0,0
"X4.70_460.1566n",0.02571,0.04166,0,0
"X4.69_271.1909m.z",-1.41559,0.01086,0,0
"X4.59_459.1501m.z",3.94794,0.41147,1,1
"X4.58_465.2256m.z",0.04964,0.04493,0,0
"X4.59_193.0871m.z",-0.74441,0.07969,0,0
"X4.16_155.1082m.z",1.00074,0.01263,0,0
"X4.19_108.0817n",-0.04585,0.0207,0,0
"X4.07_363.1636m.z",-0.90846,0.03583,0,0
"X4.04_310.0003m.z",1.00074,0.0081,0,0
"X5.17_383.2037m.z",-1.17796,0.04003,0,0
"X5.15_432.0713m.z",-0.71679,0.01168,0,0
"X5.18_516.2644m.z",-0.07094,0.01015,0,0
"X5.07_601.2711m.z",0.92823,0.11627,0,1
"X5.30_556.0588m.z",1.00074,0.01558,0,0
"X5.24_351.2158m.z",1.75788,0.08781,0,0
"X5.24_527.2441m.z",0.86019,0.08379,0,0
"X5.23_595.2301m.z",-0.93434,0.03144,0,0
"X5.26_561.0783m.z",-1.13116,0.03433,0,0
"X4.82_515.2017m.z",-1.41617,0.04153,0,0
"X4.80_460.1505n",1.38998,0.01774,0,0
"X4.79_586.2276m.z",2.03979,0.15222,0,1
"X4.82_244.1195m.z",-1.26085,0.03437,0,0
"X4.81_230.0543n",-0.44189,0.06482,0,0
"X4.73_588.2466m.z",0.48218,0.04403,0,0
"X4.99_470.1031m.z",2.91193,0.23158,0,1
"X5.03_360.9967m.z",1.3899,0.01376,0,0
"X5.03_298.0162n",-1.67397,0.08103,0,0
"X5.03_448.0818m.z",1.0145,0.02867,0,0
"X5.03_155.0716m.z",-1.15174,0.02656,0,0
"X5.04_595.2317m.z",1.67203,0.11447,0,0
"X5.04_614.2623m.z",9.29066,5.02172,1,1
"X4.93_588.2448m.z",0,0.02807,0,0
"X4.94_565.2234m.z",-0.56046,0.03666,0,0
"X3.27_493.1202m.z",-0.30395,0.0428,0,0
"X3.18_316.1390m.z",4.67575,0.89093,1,1
"X3.43_230.1032m.z",1.66064,0.0388,0,0
"X3.48_395.9936n",-0.1251,0.02786,0,0
"X2.94_222.1942m.z",-1.7341,0.01916,0,0
"X3.12_417.1684m.z",0.11951,0.01692,0,0
"X3.15_331.1738m.z",1.60328,0.14383,0,0
"X3.06_652.0739n",-0.66663,0.03567,0,0
"X3.06_305.1134m.z",1.41456,0.01611,0,0
"X3.06_163.0763m.z",1.8856,0.01927,0,0
"X3.07_459.1442m.z",1.41466,0.03311,0,0
"X3.82_707.1105m.z",1.1607,0.10433,0,0
"X3.84_207.1790m.z",-1.41624,0.02958,0,0
"X3.94_172.0977m.z",1.00074,0.03803,0,0
"X3.58_187.0076m.z",0.61329,0.01463,0,0
"X3.49_412.9243m.z",0,0.00725,0,0
"X3.49_485.9179m.z",0.48921,0.0831,0,0
"X3.70_237.1236m.z",0.35034,0.06173,0,0
"X3.65_311.1188m.z",1.29441,0.14645,0,0
"X3.65_421.1087m.z",2.01088,0.11257,0,0
"X7.34_385.2329m.z",-1.00074,0.0294,0,0
"X7.44_270.1394m.z",-0.01334,0.01453,0,0
"X7.45_610.3541m.z",2.14269,0.26091,0,1
"X7.40_512.0699m.z",1.01109,0.06413,0,0
"X7.40_367.2108m.z",0.26478,0.04137,0,0
"X7.22_579.2401m.z",1.00074,0.00987,0,0
"X7.24_308.1494m.z",1.00074,0.00802,0,0
"X7.73_554.2380n",2.48983,0.20219,0,1
"X7.56_494.0627m.z",-0.07245,0.01911,0,0
"X7.58_640.3328m.z",1.3314,0.01932,0,0
"X6.84_404.0897m.z",1.93596,0.08581,0,0
"X6.84_285.1065m.z",1.37149,0.15401,0,1
"X6.84_336.1031m.z",2.46639,0.13543,0,1
"X6.84_415.0571n",0,0.00675,0,0
"X6.84_330.0856m.z",-1.65677,0.02851,0,0
"X6.84_300.0541m.z",1.51029,0.1252,0,1
"X6.84_423.2465m.z",2.05302,0.14009,0,0
"X6.84_156.1396m.z",1.55796,0.04172,0,0
"X6.91_157.1234m.z",-1.00074,0.03068,0,0
"X6.90_296.1610n",1.00074,0.01527,0,0
"X6.74_271.1908m.z",1.06152,0.01072,0,0
"X6.75_269.1754m.z",-0.32415,0.03199,0,0
"X7.17_429.2104m.z",1.22366,0.00858,0,0
"X7.01_610.3586m.z",0.57792,0.0594,0,0
"X6.99_255.0664m.z",-0.30428,0.0384,0,0
"X8.90_611.3431m.z",0.84936,0.10939,0,0
"X9.08_249.1126m.z",1.41624,0.03169,0,0
"X8.63_304.1582m.z",-0.56303,0.0639,0,0
"X8.79_505.1491m.z",1.60747,0.09344,0,0
"X8.04_554.2342n",1.25122,0.0631,0,0
"X7.99_595.3714n",1.76624,0.08135,0,0
"X7.99_662.3517m.z",1.2631,0.049,0,0
"X8.01_639.3614n",2.32942,0.15521,0,1
"X8.01_510.1294m.z",0,0.00196,0,0
"X8.01_508.1313m.z",0.21385,0.03421,0,0
"X7.87_486.1660m.z",5.23184,1.57569,1,1
"X7.85_387.0617m.z",-0.24608,0.05058,0,0
"X8.44_625.3457n",1.00074,0.04715,0,0
"X8.60_455.2271m.z",1.00074,0.03043,0,0
"X8.58_625.3463n",1.28776,0.03935,0,0
"X8.27_329.2287m.z",0.91168,0.03684,0,0
"X8.29_430.1680m.z",1.23412,0.06771,0,0
"X5.82_349.2001m.z",0.45184,0.08437,0,0
"X5.79_402.1220n",-0.52297,0.06238,0,0
"X5.79_419.1182m.z",1.40331,0.03963,0,0
"X5.72_271.1898m.z",1.00074,0.03178,0,0
"X5.69_351.2158m.z",0,0.00265,0,0
"X6.01_435.1315m.z",0.82177,0.02208,0,0
"X5.85_614.2613m.z",6.36506,2.75905,1,1
"X5.91_569.2173m.z",-0.99236,0.05047,0,0
"X5.49_332.1575m.z",-1.00074,0.01661,0,0
"X5.47_741.1997m.z",0.63264,0.01004,0,0
"X5.40_640.2374m.z",-0.82175,0.0966,0,0
"X5.40_572.2526m.z",1.02764,0.07707,0,0
"X5.39_558.1863m.z",0.35975,0.05592,0,0
"X5.43_265.0163m.z",0.81549,0.04229,0,0
"X5.43_552.2779m.z",1.10888,0.10078,0,0
"X5.57_616.2789m.z",3.64862,0.59258,1,1
"X5.53_322.2081m.z",0.06053,0.02146,0,0
"X6.55_607.1122m.z",2.73388,0.61361,1,1
"X6.72_547.1056m.z",-1.32679,0.03845,0,0
"X6.64_360.2368m.z",2.43831,0.1052,0,0
"X6.14_270.1348m.z",-1.00074,0.00811,0,0
"X6.13_736.2562m.z",2.208,0.21535,0,1
"X6.13_685.2611m.z",6.01065,2.08456,1,1
"X6.13_668.2724m.z",3.72832,0.8843,1,1
"X6.13_600.4780m.z",4.26898,1.22471,1,1
"X6.13_600.2850m.z",4.86988,1.50766,1,1
"X6.12_574.2666m.z",1.66849,0.02375,0,0
"X6.03_481.2381m.z",1.84183,0.07885,0,0
"X6.07_601.1132m.z",2.01319,0.3525,0,1
"X6.28_666.3107m.z",1.32486,0.08561,0,0
"X6.30_602.2977m.z",2.4465,0.12149,0,0
"X6.29_193.0882m.z",-1.41628,0.01223,0,0
"X6.30_509.2352m.z",2.13519,0.0465,0,0
"X6.32_288.1626m.z",1.18183,0.04291,0,0
"X6.22_155.1080m.z",-0.00658,0.01664,0,0
"X6.25_285.0372m.z",-1.31011,0.03486,0,0
"X1.46_1009.3174m.z",1.00074,0.01355,0,0
"X1.47_749.2951n",-1.64359,0.02218,0,0
"X1.46_647.1227n",1.96773,0.17537,0,1
"X1.46_748.0634m.z",-0.00974,0.08382,0,0
"X1.46_749.1987m.z",1.76597,0.03819,0,0
"X1.49_245.1140m.z",0.02206,0.03545,0,0
"X1.43_347.9822m.z",1.15897,0.05121,0,0
"X1.43_317.0489m.z",-0.09407,0.01312,0,0
"X1.41_245.9470m.z",-0.38392,0.01859,0,0
"X1.41_683.0550m.z",-0.61568,0.01822,0,0
"X1.45_306.1357m.z",-0.78481,0.05268,0,0
"X1.58_588.2100m.z",-1.00074,0.02274,0,0
"X1.59_281.1243m.z",-0.43498,0.11142,0,0
"X1.58_204.0640n",0.18107,0.09973,0,0
"X1.50_221.0691n",-1.03547,0.04012,0,0
"X1.51_216.9450m.z",-1.00074,0.01056,0,0
"X1.51_172.9548m.z",0.78874,0.03828,0,0
"X1.51_225.3409m.z",-1.73401,0.02883,0,0
"X1.49_409.0976m.z",1.13286,0.034,0,0
"X1.49_461.9995m.z",-0.84978,0.0185,0,0
"X1.50_294.0530n",-0.07292,0.01364,0,0
"X1.52_511.0750m.z",-0.08508,0.06701,0,0
"X1.54_165.0227m.z",1.75196,0.0825,0,0
"X1.52_226.0313m.z",-0.45217,0.00565,0,0
"X1.52_433.1920m.z",0.77253,0.05232,0,0
"X1.28_260.0777m.z",1.00074,0.01882,0,0
"X1.28_646.2002m.z",-0.4028,0.09538,0,0
"X1.26_331.0602m.z",1.41593,0.02174,0,0
"X1.31_350.1054m.z",2.17865,0.10969,0,0
"X1.32_468.0973n",-1.35549,0.05866,0,0
"X1.32_511.0539m.z",0,0.00221,0,0
"X1.23_830.2889n",-1.16121,0.05718,0,0
"X1.26_204.2003m.z",0.57751,0.03481,0,0
"X1.26_205.0950n",-0.0703,0.02272,0,0
"X1.38_300.0743n",-0.04398,0.02068,0,0
"X1.38_399.1478m.z",-0.54314,0.01319,0,0
"X1.38_200.1036m.z",1.15123,0.09784,0,0
"X1.37_424.2029n",-0.06601,0.01058,0,0
"X1.40_730.0530n",2.00175,0.12239,0,0
"X1.34_199.0721m.z",-0.41641,0.03303,0,0
"X1.34_129.1041m.z",1.41596,0.03314,0,0
"X1.34_470.1855m.z",-1.34817,0.01338,0,0
"X1.34_479.1097n",-1.41577,0.01425,0,0
"X1.34_411.1350n",0,0.00604,0,0
"X1.34_455.1860m.z",-1.60588,0.02665,0,0
"X1.34_503.1558m.z",0.97879,0.07076,0,0
"X1.34_657.2677m.z",-0.78225,0.06096,0,0
"X1.34_428.1501n",-0.80584,0.02832,0,0
"X1.33_467.2606m.z",0,0,0,0
"X1.32_520.0151m.z",1.93702,0.06321,0,0
"X1.33_468.2168m.z",-1.41423,0.02444,0,0
"X1.33_423.1556m.z",0.34175,0.08756,0,0
"X1.33_187.1154m.z",0.94824,0.063,0,0
"X1.33_202.1190m.z",1.30641,0.13479,0,0
"X1.36_273.1450m.z",-1.11982,0.03855,0,0
"X1.36_708.2653n",0.5188,0.08454,0,0
"X1.35_517.1713m.z",-1.00074,0.00275,0,0
"X1.83_245.1139m.z",-0.86856,0.0315,0,0
"X1.83_202.0719m.z",1.33123,0.06838,0,0
"X1.85_243.0814m.z",0.15186,0.0272,0,0
"X1.85_854.3256n",-1.01131,0.03777,0,0
"X1.97_129.1038m.z",-1.34821,0.02002,0,0
"X1.98_288.1082m.z",4.47989,0.80729,1,1
"X1.98_286.1398m.z",0.76364,0.10729,0,1
"X1.97_171.1136m.z",1.00074,0.01457,0,0
"X1.96_576.2121m.z",1.52081,0.20841,0,1
"X1.96_516.1982n",0.02772,0.01857,0,0
"X1.97_216.1111n",0.43678,0.01878,0,0
"X1.97_803.1928m.z",1.60137,0.03784,0,0
"X1.97_397.1362m.z",0.45706,0.01368,0,0
"X1.97_603.2263m.z",0.93371,0.02252,0,0
"X2.01_845.2030m.z",1.30645,0.04825,0,0
"X2.01_578.0205m.z",1.35089,0.05133,0,0
"X2.01_479.0944m.z",2.24932,0.10836,0,0
"X2.01_134.0476m.z",1.64225,0.06403,0,0
"X2.00_730.1882m.z",0.49457,0.16358,0,0
"X2.01_510.0316m.z",2.19534,0.06361,0,0
"X2.01_411.2679m.z",-0.37705,0.01872,0,0
"X2.01_547.0803m.z",2.16216,0.12799,0,0
"X2.02_233.9902m.z",-0.42785,0.04068,0,0
"X1.60_279.0956n",1.58196,0.15594,0,0
"X1.64_358.1126m.z",-0.02548,0.03142,0,0
"X1.75_500.1947m.z",3.1787,0.26865,0,1
"X1.76_143.1193m.z",1.23636,0.094,0,0
"X1.76_230.2339m.z",-0.0335,0.02583,0,0
"X1.76_483.2166m.z",1.39689,0.10901,0,0
"X1.76_145.0985m.z",0.41585,0.09546,0,0
"X1.78_326.0523m.z",-1.37058,0.04945,0,0
"X1.79_835.2141m.z",-1.00074,0.00863,0,0
"X1.71_327.1280m.z",4.42359,0.85588,1,1
"X1.74_487.1885m.z",1.35188,0.01978,0,0
"X0.60_872.2784m.z",-1.00074,0.00862,0,0
"X0.61_605.1321n",0.37508,0.11394,0,0
"X0.61_858.2385m.z",2.22885,0.57515,1,1
"X0.61_198.9915m.z",0.72558,0.05215,0,0
"X0.61_962.3016m.z",1.00074,0.01097,0,0
"X0.61_654.1902m.z",1.00074,0.00555,0,0
"X0.61_899.2981m.z",1.00074,0.0054,0,0
"X0.60_318.0536m.z",0.26228,0.03621,0,0
"X0.60_755.2118m.z",-0.66924,0.04367,0,0
"X0.60_874.1577m.z",-0.68634,0.0231,0,0
"X0.61_987.3020m.z",2.32939,0.173,0,1
"X0.63_772.2037m.z",1.48046,0.09066,0,0
"X0.61_550.1429m.z",2.89173,0.34877,0,1
"X0.61_932.2794m.z",-0.01973,0.03497,0,0
"X0.61_811.2372m.z",-1.65995,0.04072,0,0
"X0.61_585.1302m.z",1.16227,0.08489,0,0
"X0.61_591.1827m.z",1.46772,0.03197,0,0
"X0.57_209.1439m.z",1.66577,0.02086,0,0
"X0.57_443.1179m.z",-1.61383,0.0152,0,0
"X0.57_893.2473m.z",-1.26192,0.06882,0,0
"X0.59_852.1810m.z",0.05622,0.03667,0,0
"X0.59_294.0069m.z",0,0.00562,0,0
"X0.68_463.2032m.z",1.00074,0.01328,0,0
"X0.73_362.0973n",0.58538,0.02207,0,0
"X0.68_187.1086m.z",-1.41597,0.01061,0,0
"X0.68_916.2553m.z",0.28553,0.05338,0,0
"X0.66_585.1300m.z",-0.02974,0.02876,0,0
"X0.70_779.2760n",2.21797,0.41925,0,1
"X0.70_640.1677m.z",-1.35741,0.01527,0,0
"X0.70_1008.3101m.z",1.00074,0.01193,0,0
"X0.70_911.3443n",1.19248,0.05209,0,0
"X0.70_371.1160m.z",0.67614,0.03542,0,0
"X0.70_626.1600m.z",-0.9544,0.03127,0,0
"X0.70_591.1746m.z",-0.22355,0.02622,0,0
"X0.69_811.2335m.z",1.41505,0.01665,0,0
"X0.64_1019.3435m.z",1.70871,0.10184,0,0
"X0.64_872.2766m.z",1.61622,0.03965,0,0
"X0.64_728.1058m.z",1.89076,0.04504,0,0
"X0.65_696.0647m.z",0.67813,0.06748,0,0
"X0.64_503.1246m.z",1.28073,0.0343,0,0
"X0.64_934.2720m.z",1.00074,0.00257,0,0
"X0.64_502.1965n",2.26863,0.12861,0,0
"X0.64_397.1749m.z",0.19781,0.01901,0,0
"X0.65_975.2962m.z",0,0.00531,0,0
"X0.65_294.0285m.z",2.13868,0.45096,1,1
"X0.65_963.2910m.z",1.79862,0.13784,0,0
"X0.66_730.1718m.z",0.24873,0.09244,0,0
"X0.66_783.2752m.z",-0.01322,0.02258,0,0
"X0.66_1096.3246m.z",0.59922,0.0152,0,0
"X0.65_669.1970m.z",1.06875,0.12245,0,0
"X0.65_825.2787m.z",-0.3881,0.01869,0,0
"X0.48_395.0520m.z",0.77024,0.03469,0,0
"X0.47_503.0168m.z",-1.21873,0.01324,0,0
"X0.47_518.9934m.z",-1.00074,0.02349,0,0
"X0.47_389.0354m.z",-0.43185,0.00487,0,0
"X0.96_362.1741n",-0.01992,0.0086,0,0
"X0.96_486.0679m.z",0.58814,0.01904,0,0
"X0.97_384.0474m.z",0.4109,0.02662,0,0
"X0.96_146.0694n",-1.25925,0.01735,0,0
"X0.96_187.2349m.z",-0.3282,0.06872,0,0
"X0.96_554.2172m.z",1.27355,0.02925,0,0
"X0.96_418.1675n",1.53294,0.05296,0,0
"X0.95_188.1202m.z",0.03517,0.0588,0,0
"X0.96_484.0539m.z",1.785,0.10191,0,0
"X1.00_400.1554n",-1.41162,0.00694,0,0
"X0.93_607.2067m.z",0.09132,0.0337,0,0
"X0.93_687.1950m.z",0.84576,0.03871,0,0
"X0.92_800.2447m.z",1.00074,0.01998,0,0
"X0.94_635.1499m.z",-1.6039,0.03097,0,0
"X0.94_370.1073m.z",1.4156,0.00466,0,0
"X1.21_142.0513m.z",1.0316,0.01503,0,0
"X1.03_102.0567m.z",1.34145,0.14081,0,0
"X1.10_504.0657m.z",-0.29942,0.05501,0,0
"X0.75_232.1058n",0.85288,0.03547,0,0
"X0.77_174.0640n",-0.41043,0.01994,0,0
"X0.77_129.0677m.z",-1.00074,0.00851,0,0
"X0.73_220.0314m.z",0,0.00441,0,0
"X0.72_423.0855m.z",1.60604,0.0172,0,0
"X0.73_468.0288m.z",0.13752,0.06425,0,0
"X0.88_811.2374m.z",1.33638,0.03449,0,0
"X0.89_218.1030m.z",1.37277,0.16571,0,1
"X0.89_233.0758m.z",6.06701,2.31243,1,1
"X0.86_397.1154m.z",0.51235,0.06718,0,0
"X0.86_275.1607m.z",-0.05473,0.03866,0,0
"X0.86_215.1402m.z",1.41376,0.0222,0,0
"X0.86_102.0567m.z",1.00074,0.0223,0,0
"X0.91_484.0926m.z",1.7019,0.0678,0,0
"X0.90_301.1510m.z",-1.00074,0.0089,0,0
"X0.91_215.2304m.z",-0.91391,0.04071,0,0
"X0.91_131.0830m.z",-1.00074,0.02258,0,0
"X0.91_1057.4042n",-0.27737,0.01238,0,0
"X0.91_357.1378m.z",-0.90379,0.0195,0,0
"X0.91_453.2178m.z",0.63077,0.03377,0,0
"X0.90_228.0613m.z",-0.26237,0.04461,0,0
"X0.91_406.1053n",1.32819,0.02799,0,0
"X0.90_411.1085m.z",0.02646,0.04311,0,0
"X0.91_402.1353n",-0.80936,0.05235,0,0
"X0.81_725.2269m.z",1.45526,0.05686,0,0
"X0.81_684.2024m.z",0.34915,0.06258,0,0
"X0.81_564.1681m.z",-0.07633,0.00656,0,0
"X0.81_626.1639m.z",-0.39158,0.01096,0,0
"X0.81_566.1614m.z",2.08373,0.06857,0,0
"X0.82_701.2629m.z",0.34242,0.01499,0,0
"X0.80_648.2289m.z",-0.02972,0.04442,0,0
"X0.80_741.2142m.z",0.1096,0.05838,0,0
"X0.80_726.1414m.z",1.36102,0.09007,0,1
"X0.85_201.2359m.z",-1.33855,0.01108,0,0
"X0.85_201.0872m.z",0.08197,0.01297,0,0
"X0.85_157.1347m.z",-1.00074,0.0055,0,0
"X0.85_201.1243m.z",0,0,0,0
"X0.84_418.1542n",0.04039,0.01593,0,0
"X0.85_244.0909m.z",0.59471,0.05142,0,0
"X0.85_159.1139m.z",0.48496,0.00845,0,0
"X0.85_352.1732n",1.2721,0.01687,0,0
"X0.85_244.1314m.z",1.17603,0.1028,0,0
"X0.85_486.1509m.z",-1.30176,0.05819,0,0
"X0.85_395.1898m.z",1.28178,0.01843,0,0
"X0.83_163.0612m.z",-1.00074,0.01447,0,0
"X0.83_371.1157m.z",1.20317,0.05689,0,0
"X0.83_231.1347m.z",-1.34342,0.0232,0,0
"X2.19_457.9871m.z",0.79664,0.03716,0,0
"X2.18_481.2255m.z",1.6484,0.01906,0,0
"X2.18_131.0356m.z",2.26663,0.16234,0,0
"X2.42_199.0323n",-0.44728,0.00583,0,0
"X2.42_399.1478m.z",-1.25944,0.02951,0,0
"X2.45_529.0588m.z",0.03294,0.09711,0,0
"X2.20_281.9930m.z",0.01347,0.01707,0,0
"X2.58_407.0503m.z",-1.64112,0.0273,0,0
"X2.57_476.0738n",1.04067,0.05849,0,0
"X2.18_187.1077m.z",0.91623,0.08746,0,0
"X2.52_254.1182m.z",1.22782,0.15549,0,0
"X2.33_205.9880n",1.00074,0.01252,0,0
"X2.25_187.0994m.z",-1.3534,0.02719,0,0
"X2.32_197.0795m.z",-0.04199,0.03991,0,0
"X2.32_521.1976n",0.03298,0.06994,0,0
"X2.32_373.0208m.z",-0.00836,0.04193,0,0
"X2.33_275.9575m.z",-0.79301,0.03478,0,0
"X2.32_403.0579m.z",0.48526,0.11279,0,0
"X2.26_911.9510m.z",0.94224,0.01747,0,0
"X2.39_125.0612m.z",1.76546,0.08253,0,0
"X2.21_259.1302m.z",-0.36527,0.0083,0,0
"X2.33_464.0476m.z",2.17081,0.18401,0,0
"X2.33_230.9595m.z",0.03964,0.0127,0,0
"X2.36_340.1354n",0,0.02164,0,0
"X2.07_655.1221m.z",-0.54613,0.02919,0,0
"X2.07_619.2209m.z",-0.49,0.05604,0,0
"X2.07_670.2143m.z",1.41607,0.01119,0,0
"X2.07_557.2301n",0,0.01432,0,0
"X2.02_941.3584n",0.11564,0.03587,0,0
"X2.11_447.1223m.z",6.67084,2.60369,1,1
"X2.11_116.0481n",-0.03288,0.04932,0,0
"X2.62_409.0142n",-1.29033,0.06444,0,0
"X2.71_243.1344m.z",1.19512,0.10318,0,0
"X2.72_460.1670m.z",-0.92879,0.08564,0,0
"X2.72_814.0931m.z",1.00074,0.01391,0,0
"X6.97_230.1517n",-1.00074,0.00952,0,0
"X3.86_356.0732m.z",0.70908,0.05587,0,0
"X0.48_327.0652m.z",0.02643,0.01334,0,0
"X1.43_179.0216m.z",-1.00074,0.01354,0,0
"X1.76_187.1086m.z",-0.48166,0.05441,0,0
"X1.97_174.1005n",2.00551,0.05005,0,0
"X2.01_390.1154n",0.08267,0.22306,0,0
"X2.73_263.1503m.z",-0.76791,0.0266,0,0
"X2.28_354.1510n",1.67122,0.02638,0,0
"X3.44_587.1246m.z",-1.6085,0.01887,0,0
"X4.85_301.1650m.z",1.00074,0.00566,0,0
"X1.90_254.9843m.z",0.72068,0.05688,0,0
"X0.63_326.1181n",0.72156,0.05554,0,0
"X2.05_602.1116m.z",1.17586,0.03651,0,0
"X6.12_321.2058m.z",-1.00074,0.02786,0,0
"X1.89_389.1132m.z",0.81786,0.09242,0,0
"X0.48_479.0172m.z",0,0.00957,0,0
"X0.81_556.2135n",2.16898,0.06674,0,0
"X2.28_201.0780m.z",-1.41556,0.01777,0,0
"X1.44_155.0578m.z",1.33488,0.018,0,0
"X2.17_297.0994m.z",-2.00027,0.03041,0,0
"X1.96_188.0926m.z",0.41678,0.07936,0,0
"X2.00_599.1256m.z",1.1176,0.04935,0,0
"X1.27_222.0440m.z",0,0,0,0
"X0.48_259.0784m.z",0.30602,0.00765,0,0
"X2.94_177.0789n",1.14772,0.0338,0,0
"X0.96_144.0904n",1.10176,0.02947,0,0
"X0.47_540.9869m.z",0,0,0,0
"X6.11_618.1397n",-0.58641,0.04361,0,0
"X2.15_309.1096m.z",1.00074,0.01258,0,0
"X3.28_362.0491m.z",0.55107,0.02637,0,0
"X2.05_330.1289m.z",1.32908,0.04166,0,0
"X1.34_131.0829m.z",-1.86818,0.02487,0,0
"X1.34_173.0937m.z",-1.41505,0.01019,0,0
"X0.95_109.0408m.z",1.60924,0.20719,0,0
"X1.76_330.0446m.z",0.91524,0.04111,0,0
"X5.03_154.0997n",-0.05003,0.0222,0,0
"X7.14_651.3863m.z",1.00074,0.01232,0,0
"X6.14_283.1178m.z",1.34509,0.00343,0,0
"X0.48_343.0440m.z",-1.32889,0.00796,0,0
"X1.68_546.2128n",-0.02239,0.01934,0,0
"X0.86_144.0779m.z",-1.20914,0.03363,0,0
"X4.71_134.0255m.z",1.54122,0.01656,0,0
"X0.84_189.0542m.z",1.00074,0.01224,0,0
"X0.63_423.0823m.z",0.27917,0.04959,0,0
"X0.66_696.1535m.z",0.98958,0.05342,0,0
"X0.96_188.0825n",0.59179,0.08233,0,0
"X2.74_687.0830m.z",0.4953,0.04984,0,0
"X1.18_349.0746m.z",-1.00074,0.00797,0,0
"X1.32_346.0705m.z",-1.00074,0.01059,0,0
"X2.94_290.0618m.z",0.47161,0.00873,0,0
"X0.74_172.0981m.z",-0.20582,0.07106,0,0
"X0.48_463.0398m.z",-1.27997,0.00732,0,0
"X1.34_216.0990m.z",-0.8702,0.01065,0,0
"X6.11_740.1856n",1.65734,0.04365,0,0
"X2.94_361.9973m.z",-1.00074,0.00582,0,0
"X1.51_473.1103m.z",-0.90352,0.02504,0,0
"X1.77_206.9960m.z",0.77167,0.05367,0,0
"X3.35_125.0615m.z",0.8702,0.04737,0,0
"X0.47_457.0228m.z",0,0.01709,0,0
"X0.91_173.0998m.z",-0.36154,0.04987,0,0
"X3.09_158.0824m.z",-1.34342,0.01852,0,0
"X0.96_272.0500m.z",1.41628,0.01289,0,0
"X0.56_317.0530m.z",1.73366,0.02637,0,0
"X5.61_177.0015m.z",-1.41309,0.01078,0,0
"X7.71_333.1543m.z",-1.00074,0.02777,0,0
"X2.33_213.9572m.z",0.00607,0.01682,0,0
"X1.50_105.0554n",-1.00074,0.01026,0,0
"X1.51_225.0639m.z",0.55078,0.01976,0,0
"X0.72_220.0823m.z",0.52672,0.04256,0,0
"X4.12_374.1192n",-1.72116,0.04532,0,0
"X0.68_160.0981m.z",-1.11487,0.02463,0,0
"X0.74_273.0279m.z",-0.0064,0.017,0,0
"X0.48_411.0302m.z",1.34008,0.02479,0,0
"X7.85_214.1447m.z",-0.90143,0.01671,0,0
"X6.11_585.1922m.z",0.80172,0.01605,0,0
"X1.83_360.0292m.z",1.735,0.03735,0,0
"X0.81_365.0358m.z",1.00074,0.01838,0,0
"X0.53_180.0698n",-0.23345,0.0317,0,0
"X6.84_158.1186m.z",1.14484,0.04174,0,0
"X3.79_265.0470m.z",-1.32418,0.01546,0,0
"X3.30_357.1049n",0,0.01759,0,0
"X1.53_197.0679m.z",1.38957,0.03836,0,0
"X8.75_332.1527m.z",0.70685,0.04008,0,0
"X3.30_339.0712m.z",1.41616,0.02186,0,0
"X0.85_242.0989n",0.18643,0.11253,0,0
"X0.83_283.0172m.z",-0.5987,0.04322,0,0
"X6.84_283.0503m.z",2.43416,0.10731,0,1
"X1.75_289.0563m.z",0.62583,0.03848,0,0
"X2.33_87.0457m.z",2.26333,0.17033,0,1
"X1.33_229.1291m.z",-1.00074,0.02648,0,0
"X1.51_365.0691m.z",0,0.00826,0,0
"X0.77_417.9954m.z",0,0.0122,0,0
"X1.53_197.1781m.z",0.82786,0.02509,0,0
"X3.17_597.0382m.z",2.03293,0.04042,0,0
"X0.47_338.0626n",0,0.00525,0,0
"X1.48_89.0482n",-0.64727,0.02005,0,0
"X4.86_376.0108m.z",1.16639,0.13203,0,1
"X3.87_380.1662n",0.90884,0.06335,0,0
"X2.18_66.0710n",0.50763,0.05484,0,0
"X6.84_345.0509m.z",-0.89455,0.04891,0,0
"X1.76_298.1018m.z",1.36095,0.07029,0,0
"X1.76_230.1147m.z",1.97611,0.07788,0,0
"X6.89_297.1078m.z",-0.79511,0.0287,0,0
"X4.34_177.0022m.z",-1.73563,0.01954,0,0
"X2.31_361.0157m.z",1.16476,0.03589,0,0
"X4.38_202.0540m.z",0.42693,0.02083,0,0
"X2.18_286.0651n",1.81308,0.17669,0,0
"X1.43_115.0042m.z",-1.00074,0.01539,0,0
"X3.93_295.1300m.z",0.63057,0.08682,0,0
"X0.81_210.0881m.z",1.00074,0.00973,0,0
"X5.03_266.0763n",-1.21483,0.05782,0,0
"X0.91_215.1151m.z",0.02525,0.01215,0,0
"X1.96_889.1754m.z",4.12736,0.92813,1,1
"X2.33_366.0816m.z",0,0.01549,0,0
"X0.88_263.0719m.z",0.59561,0.02503,0,0
"X0.92_215.1398m.z",1.00074,0.00573,0,0
"X5.03_423.0262m.z",1.61116,0.02884,0,0
"X6.84_200.1292m.z",1.11047,0.07585,0,0
"X7.94_199.0798m.z",1.33682,0.03585,0,0
"X4.84_212.0682n",-0.5601,0.01732,0,0
"X4.23_243.8444m.z",0,0.00711,0,0
"X0.92_173.1294m.z",0.53117,0.01437,0,0
"X2.33_169.9679m.z",1.27355,0.01999,0,0
"X2.06_281.1505m.z",-0.20156,0.02959,0,0
"X3.70_233.0535m.z",-0.15846,0.11006,0,0
"X1.51_225.2417m.z",1.00074,0.00907,0,0
"X5.54_563.2094m.z",-1.00074,0.02053,0,0
"X7.39_249.1118m.z",0.92068,0.04345,0,0
"X5.61_374.0318m.z",-0.64127,0.03862,0,0
"X5.03_432.9823m.z",0.65006,0.03895,0,0
"X5.03_342.0042m.z",0.42258,0.01736,0,0
"X2.18_229.1191m.z",-0.08157,0.02733,0,0
"X5.50_563.1339m.z",-0.58939,0.03711,0,0
"X4.67_172.0980m.z",1.00423,0.09276,0,0
"X3.28_368.9870m.z",1.12457,0.03891,0,0
"X5.03_198.0893n",1.00074,0.01719,0,0
"Gender",0,0,0,0
"Centre",2.49996,0.26563,0,0
"Age",1.00074,0.02133,0,0
