"Variables","Importance","Boruta1","Boruta2"
"X.0.57229",0.02,0,0
"X0.2133",0.01,0,0
"X0.51732",0.02,0,0
"X0.59923",0.02,0,0
"X1.1902",0.03,0,0
"X1.1908",0.01,0,0
"X1.1913",0.03,0,0
"X1.1919",0.02,0,0
"X1.1924",0.02,0,0
"X1.193",0.03,0,0
"X1.1935",0.04,0,0
"X1.1941",0,0,0
"X1.1946",0.03,0,0
"X1.1952",0.02,0,0
"X1.2018",0.06,0,0
"X1.2023",0.04,0,0
"X1.2029",0.02,0,0
"X1.2034",0.02,0,0
"X1.204",0.02,0,0
"X1.2045",0.01,0,0
"X1.2051",0.05,0,0
"X1.2056",0.02,0,0
"X1.2062",0.01,0,0
"X1.2133",0.01,0,0
"X1.2139",0.02,0,0
"X1.2144",0.03,0,0
"X1.215",0.03,0,0
"X1.2463",0,0,0
"X1.2468",0.01,0,0
"X1.2474",0.04,0,0
"X1.2567",0.01,0,0
"X1.2573",0,0,0
"X1.2578",0.03,0,0
"X1.2584",0.02,0,0
"X1.2589",0.02,0,0
"X1.2595",0.08,0,0
"X1.7191",0.02,0,0
"X1.7196",0.02,0,0
"X1.7202",0.06,0,0
"X1.7207",0.03,0,0
"X1.7213",0,0,0
"X1.7218",0.01,0,0
"X1.7224",0.01,0,0
"X1.7229",0.02,0,0
"X1.7312",0.04,0,0
"X1.7317",0.02,0,0
"X1.7323",0,0,0
"X1.7328",0.02,0,0
"X1.7334",0.02,0,0
"X1.7339",0.04,0,0
"X1.7345",0.02,0,0
"X1.735",0.03,0,0
"X1.7356",0.02,0,0
"X1.7361",0.01,0,0
"X1.7367",0.01,0,0
"X1.7372",0.05,0,0
"X1.7378",0.01,0,0
"X1.8719",0.03,0,0
"X2.0324",0.01,0,0
"X2.033",0.03,0,0
"X2.0335",0.02,0,0
"X2.0341",0.02,0,0
"X2.0346",0.04,0,0
"X2.0352",0.02,0,0
"X2.0357",0.02,0,0
"X2.0363",0.03,0,0
"X2.0368",0.01,0,0
"X2.0374",0.01,0,0
"X2.0379",0.02,0,0
"X2.0385",0.03,0,0
"X2.039",0,0,0
"X2.0396",0.01,0,0
"X2.0401",0,0,0
"X2.0407",0.01,0,0
"X2.0412",0.02,0,0
"X2.0418",0.02,0,0
"X2.0423",0.01,0,0
"X2.0429",0,0,0
"X2.0434",0.01,0,0
"X2.044",0.02,0,0
"X2.0445",0.05,0,0
"X2.0544",0.02,0,0
"X2.055",0.02,0,0
"X2.0555",0.03,0,0
"X2.0561",0.03,0,0
"X2.0566",0.03,0,0
"X2.0572",0,0,0
"X2.0577",0.02,0,0
"X2.0583",0.01,0,0
"X2.0588",0.03,0,0
"X2.0594",0.02,0,0
"X2.0599",0.04,0,0
"X2.0605",0.03,0,0
"X2.3359",0.04,0,0
"X2.6064",0.03,0,0
"X2.6069",0.03,0,0
"X2.6075",0.03,0,0
"X2.608",0.01,0,0
"X2.6086",0.03,0,0
"X2.6091",0.02,0,0
"X2.6097",0.02,0,0
"X2.6102",0.01,0,0
"X2.6163",0.02,0,0
"X2.6168",0.02,0,0
"X2.6174",0.02,0,0
"X2.6218",0.02,0,0
"X2.7554",0.02,0,0
"X2.7872",0.04,0,0
"X2.7878",0.08,0,0
"X2.8048",0.04,0,0
"X2.8054",0.03,0,0
"X2.8125",0.06,0,0
"X2.8532",0.05,0,0
"X2.8538",0.02,0,0
"X2.8543",0.01,0,0
"X2.8549",0.03,0,0
"X2.8554",0.01,0,0
"X2.856",0,0,0
"X2.8565",0.02,0,0
"X2.8571",0.07,0,0
"X2.8576",0.04,0,0
"X2.8582",0.03,0,0
"X2.8587",0.04,0,0
"X2.8593",0.01,0,0
"X2.8598",0.04,0,0
"X2.8604",0.03,0,0
"X2.8675",0.03,0,0
"X2.8681",0.02,0,0
"X2.8686",0.02,0,0
"X2.8692",0.01,0,0
"X2.8697",0.04,0,0
"X2.8703",0.02,0,0
"X2.8708",0.01,0,0
"X2.8714",0.02,0,0
"X2.8719",0.07,0,0
"X2.8725",0.03,0,0
"X2.873",0.03,0,0
"X2.8736",0.02,0,0
"X3.0269",0.03,0,0
"X3.0275",0.01,0,0
"X3.0946",0.05,0,0
"X3.0951",0.03,0,0
"X3.0957",0.03,0,0
"X3.0962",0.02,0,0
"X3.0968",0.01,0,0
"X3.0973",0.04,0,0
"X3.0979",0.05,0,0
"X3.0984",0.03,0,0
"X3.099",0.04,0,0
"X3.8532",0.01,0,0
"X3.8538",0.05,0,0
"X3.8576",0.02,0,0
"X3.8582",0.02,0,0
"X3.8587",0,0,0
"X4.5003",0.06,0,0
"X4.5008",0.03,0,0
"X5.0962",0.03,0,0
"X5.1798",0.04,0,0
"X5.1803",0.03,0,0
"X5.1809",0.02,0,0
"X5.1814",0.03,0,0
"X5.182",0.02,0,0
"X5.1825",0.01,0,0
"X5.1831",0.06,0,0
"X5.1836",0.01,0,0
"X5.1842",0.02,0,0
"X5.1847",0.03,0,0
"X5.1853",0.02,0,0
"X5.1858",0.03,0,0
"X5.1864",0.03,0,0
"X5.1869",0.04,0,0
"X5.1875",0.03,0,0
"X5.188",0.02,0,0
"X5.1886",0.03,0,0
"X5.1891",0.04,0,0
"X5.1897",0.03,0,0
"X5.1902",0.02,0,0
"X5.1908",0.02,0,0
"X5.1913",0.02,0,0
"X5.1919",0.03,0,0
"X5.1924",0.01,0,0
"X5.2139",0.05,0,0
"X5.2144",0.03,0,0
"X5.215",0.01,0,0
"X5.2155",0.01,0,0
"X5.2161",0,0,0
"X5.2166",0.03,0,0
"X5.2172",0.01,0,0
"X5.2177",0.02,0,0
"X5.2183",0.05,0,0
"X5.2205",0.03,0,0
"X5.221",0.03,0,0
"X5.2216",0.02,0,0
"X5.2221",0.05,0,0
"X5.2226",0,0,0
"X5.2232",0.01,0,0
"X5.2248",0.02,0,0
"X5.2254",0.01,0,0
"X5.2259",0.05,0,0
"X5.2265",0.05,0,0
"X5.2754",0.03,0,0
"X5.276",0.02,0,0
"X5.2765",0.01,0,0
"X5.2815",0.03,0,0
"X5.282",0.02,0,0
"X5.2826",0,0,0
"X5.2831",0.02,0,0
"X5.2837",0.06,0,0
"X5.2842",0.02,0,0
"X5.2897",0.02,0,0
"X5.2903",0.08,0,0
"X5.2908",0.01,0,0
"X5.2919",0.03,0,0
"X5.3018",0.02,0,0
"X5.3024",0.04,0,0
"X5.3084",0.02,0,0
"X5.309",0.03,0,0
"X5.3101",0.03,0,0
"X5.3452",0.02,0,0
"X5.3595",0.01,0,0
"X5.3601",0.03,0,0
"X5.3606",0.01,0,0
"X5.3612",0.01,0,0
"X5.3617",0.01,0,0
"X5.4085",0.08,0,0
"X6.1198",0.05,0,0
"X6.1869",0.03,0,0
"X6.972",0.08,0,0
"X7.807",0.01,0,0
"X8.1644",0.01,0,0
"X8.6394",0.04,0,0
"X9.1083",0.06,0,0
"X9.3722",0.01,0,0
"X2.94_367.1209m.z",0,0,0
"X2.88_430.3307m.z",0.04,0,0
"X2.68_178.0779m.z",0.08,0,0
"X2.69_625.2683m.z",0.09,0,0
"X2.77_841.2319m.z",0.05,0,0
"X2.77_635.1525m.z",0.01,0,0
"X2.77_290.0644n",0.02,0,0
"X2.78_652.2054m.z",0.02,0,0
"X2.73_765.2021m.z",0.06,0,0
"X3.19_511.1019m.z",0,0,0
"X3.18_891.2649m.z",0.03,0,0
"X3.18_210.0614n",0.04,0,0
"X3.18_172.0604m.z",0.08,0,0
"X3.18_653.1734m.z",0.01,0,0
"X3.22_159.1041n",0.02,0,0
"X3.17_709.2354m.z",0.02,0,0
"X3.18_681.2047m.z",0.05,0,0
"X3.17_539.1334m.z",0.04,0,0
"X3.17_777.2211m.z",0.02,0,0
"X3.17_448.1555n",0.02,0,0
"X3.17_556.1244m.z",0.04,0,0
"X3.28_529.1987m.z",0.01,0,0
"X3.32_495.1689m.z",0.03,0,0
"X3.22_144.1243m.z",0.06,0,0
"X3.25_133.0427m.z",0.03,0,0
"X3.02_539.1942m.z",0.07,0,0
"X2.98_196.0451n",0.03,0,0
"X2.99_602.1775m.z",0.01,0,0
"X2.99_572.0986n",0.01,0,0
"X2.99_158.0443m.z",0.02,0,0
"X5.56_344.0727m.z",0.03,0,0
"X5.56_203.2467m.z",0.03,0,0
"X2.99_483.0708m.z",0.02,0,0
"X2.99_536.1878m.z",0.09,0,0
"X2.99_287.0231m.z",0.03,0,0
"X2.99_807.1687m.z",0.02,0,0
"X2.99_679.1214m.z",0.03,0,0
"X5.51_245.2791m.z",0.01,0,0
"X3.14_470.1997m.z",0.01,0,0
"X3.12_142.1758m.z",0.11,0,0
"X3.13_283.0894n",0.13,0,0
"X5.51_551.1705m.z",7.92,1,1
"X5.51_562.3196m.z",0.04,0,0
"X3.07_283.1580n",0.1,0,0
"X3.08_547.2104m.z",0.01,0,0
"X2.06_270.2831n",0.04,0,0
"X2.06_251.1251m.z",0.08,0,0
"X2.09_198.0623n",0.06,0,0
"X2.08_367.1895m.z",0.04,0,0
"X2.22_349.1096m.z",0.02,0,0
"X2.19_259.1646m.z",0.14,0,0
"X2.19_199.0632m.z",0.02,0,0
"X1.93_160.0545m.z",0.1,0,0
"X1.84_322.1472n",0.03,0,0
"X1.89_172.0957m.z",0.06,0,1
"X5.71_144.1919m.z",0.01,0,0
"X2.03_257.1018n",0.05,0,0
"X2.50_237.1833m.z",0.02,0,0
"X5.63_163.0859m.z",0.06,0,0
"X5.62_160.0526m.z",0.11,0,0
"X2.36_651.1943m.z",0.03,0,0
"X2.28_456.0927m.z",0.02,0,0
"X2.42_237.1836m.z",0.01,0,0
"X2.38_463.1842n",0.04,0,0
"X4.49_87.0435m.z",0.05,0,0
"X4.47_148.0341m.z",0.02,0,0
"X4.43_202.1581m.z",0.04,0,0
"X4.42_224.1007m.z",0.02,0,0
"X5.32_433.2518m.z",0.04,0,0
"X4.61_511.1902n",0.05,0,0
"X4.61_675.2586n",0.03,0,0
"X4.52_296.1992m.z",0.03,0,0
"X4.52_509.1784m.z",0.07,0,0
"X4.55_190.2275n",0.38,0,1
"X4.57_603.2365n",0.03,0,0
"X4.57_478.2635m.z",0.03,0,0
"X4.56_529.2005n",0.04,0,0
"X4.21_407.1062m.z",0.02,0,0
"X4.38_201.1110n",0.19,0,0
"X4.39_202.2260m.z",0.01,0,0
"X4.33_223.1618m.z",0.01,0,0
"X4.32_87.0435m.z",0.03,0,0
"X4.98_250.1647m.z",0.06,0,0
"X5.13_231.2603m.z",0.04,0,0
"X5.11_749.2956n",0.01,0,0
"X5.18_755.2696m.z",0.01,0,0
"X5.02_714.2424m.z",0.01,0,0
"X5.01_535.1753m.z",10.36,1,1
"X5.09_268.1632m.z",0.08,0,0
"X4.71_731.2564m.z",0.02,0,0
"X4.71_698.2474m.z",0.02,0,0
"X4.67_204.0397m.z",0.03,0,0
"X5.32_216.1222n",0.1,0,0
"X4.66_104.0702m.z",0.01,0,0
"X5.32_476.2086n",0.02,0,0
"X5.46_189.2270m.z",0.01,0,0
"X5.46_232.1468m.z",0.3,0,1
"X5.46_129.0787n",0.06,0,0
"X3.69_423.9453m.z",0.02,0,0
"X3.69_585.1788m.z",0.02,0,0
"X3.53_580.2215m.z",0.03,0,0
"X4.05_323.1789m.z",0.05,0,0
"X4.06_300.2669m.z",0.02,0,0
"X4.03_199.0886n",0.05,0,0
"X3.99_85.0279m.z",0.02,0,0
"X3.98_340.1879m.z",0.06,0,0
"X4.02_139.1123m.z",0.04,0,0
"X4.12_101.0594m.z",0.1,0,0
"X4.09_269.9601m.z",0.02,0,0
"X4.12_146.1171m.z",0.06,0,0
"X4.12_325.1886n",0.05,0,0
"X4.12_146.1509m.z",0.1,0,0
"X4.12_326.3340m.z",0.04,0,0
"X3.80_126.0658m.z",0.62,1,1
"X3.82_124.9861m.z",0.03,0,0
"X3.74_249.0860n",0.11,0,0
"X3.94_405.3321m.z",0.03,0,0
"X3.95_303.2871m.z",0,0,0
"X3.87_407.0966m.z",0.03,0,0
"X3.86_155.1172m.z",0.06,0,0
"X3.89_388.1883m.z",0.01,0,0
"X0.69_337.0566n",0.02,0,0
"X1.23_309.1777m.z",0.01,0,0
"X5.89_231.2854m.z",0.01,0,0
"X1.30_313.1730m.z",0.14,0,0
"X5.86_527.2784m.z",0.04,0,0
"X1.34_155.0422m.z",0.07,0,0
"X5.86_134.1647n",0.04,0,0
"X1.27_274.0368n",0.06,0,0
"X1.27_144.0654m.z",0.01,0,0
"X1.27_126.0543m.z",0.01,0,0
"X0.76_646.2627m.z",0.02,0,0
"X6.00_159.1838m.z",0.03,0,0
"X0.86_242.0219m.z",0.06,0,0
"X0.86_448.1315m.z",0.06,0,0
"X0.90_204.0860m.z",0.04,0,0
"X0.90_226.0690m.z",0.02,0,0
"X0.88_423.0915n",0.05,0,0
"X5.94_147.1122m.z",0.03,0,0
"X1.04_191.1071m.z",0.13,0,0
"X0.75_172.1245n",0.33,0,1
"X6.00_83.0486m.z",0.03,0,0
"X1.03_114.0909m.z",0.02,0,0
"X1.08_218.1368m.z",0.24,0,1
"X1.66_67.0543n",0.12,0,0
"X1.67_383.1365m.z",0.07,0,0
"X1.71_143.0803m.z",1.39,1,1
"X1.73_595.3715n",0.06,0,0
"X1.82_258.0019m.z",0.15,0,0
"X1.72_616.3453m.z",0.16,0,1
"X1.44_379.0702m.z",0.04,0,0
"X1.37_187.1602n",0.04,0,0
"X5.83_342.2013m.z",1.31,1,1
"X1.40_572.2679m.z",0.26,0,1
"X5.85_513.2971m.z",0.06,0,0
"X5.85_255.1383n",0.03,0,0
"X1.39_136.0750m.z",0.02,0,0
"X3.20_179.0363m.z",0.04,0,0
"X2.74_423.3050m.z",0.02,0,0
"X1.05_186.0789n",0.07,0,0
"X2.03_112.0501m.z",0.23,0,1
"X6.01_84.0802m.z",0.07,0,0
"X4.63_204.1693m.z",0.03,0,0
"X4.01_224.0317m.z",0,0,0
"X3.11_294.0522m.z",0.05,0,0
"X5.97_615.2989m.z",0.05,0,0
"X5.77_233.1481m.z",0.01,0,0
"X2.34_223.0519n",0.1,0,0
"X1.05_371.1302n",0.01,0,0
"X5.92_158.1268m.z",0.02,0,0
"X2.36_349.1109m.z",0.02,0,0
"X0.72_257.0391m.z",0.02,0,0
"X4.32_132.1014m.z",0.01,0,0
"X1.25_279.0151m.z",0.02,0,0
"X3.09_245.0313m.z",0.02,0,0
"X1.25_190.1053m.z",0.03,0,0
"X6.00_159.1487m.z",0.03,0,0
"X5.59_324.1904m.z",0.03,0,0
"X3.80_258.1087m.z",0.5,0,1
"X2.04_174.0545m.z",0.02,0,0
"X1.27_272.1482m.z",0.01,0,0
"X1.91_160.0963m.z",0.04,0,0
"X5.36_553.2936m.z",0.04,0,0
"X5.51_201.1698m.z",0.15,0,1
"X1.66_237.1843m.z",0.02,0,0
"X3.18_130.0498m.z",0.05,0,0
"X1.29_150.0765m.z",0.02,0,0
"X4.37_305.2115m.z",0.02,0,0
"X1.79_86.0596m.z",0.03,0,0
"X4.01_260.0552m.z",0.03,0,0
"X4.46_145.1328m.z",0.02,0,0
"X4.03_299.2101n",0.03,0,0
"X1.08_329.1916m.z",0.08,0,0
"X1.71_279.1823m.z",0.04,0,0
"X2.73_423.1460m.z",0.02,0,0
"X6.00_100.0752m.z",0.01,0,0
"X5.51_212.1240n",0.09,0,1
"X2.70_351.1253m.z",0.02,0,0
"X2.22_112.0501m.z",0.03,0,0
"X6.00_191.1383m.z",0.02,0,0
"X3.10_141.0786n",0.07,0,0
"X5.89_231.1701m.z",0.01,0,0
"X6.01_130.0859m.z",0.02,0,0
"X5.95_161.1278m.z",0.02,0,0
"X1.07_156.1376m.z",0.02,0,0
"X2.99_130.0499m.z",0.08,0,0
"X1.52_130.0854m.z",0.09,0,0
"X5.67_233.1495m.z",0.19,0,0
"X4.20_265.0839m.z",0.02,0,0
"X3.10_96.0802m.z",0.02,0,0
"X3.59_278.0518m.z",0.04,0,0
"X2.27_370.1141n",0.02,0,0
"X0.79_177.0135m.z",0.05,0,0
"X4.07_384.2738m.z",0.02,0,0
"X4.93_303.1330m.z",0.02,0,0
"X5.13_230.1377n",0.04,0,0
"X6.01_175.1436m.z",0.03,0,0
"X3.09_243.1799m.z",0.87,1,1
"X5.70_216.1471n",0.05,0,0
"X5.92_203.1892m.z",0.17,0,1
"X5.70_173.1640m.z",0.07,0,0
"X3.39_186.1478m.z",0.03,0,0
"X3.11_120.0781m.z",0.11,1,1
"X3.12_142.1192m.z",0.09,0,0
"X3.11_339.1907m.z",0.05,0,0
"X4.67_143.0943n",0.12,0,0
"X0.75_316.1188m.z",0.03,0,0
"X1.26_344.2384m.z",0.03,0,0
"X3.31_186.1480m.z",0.02,0,0
"X3.59_296.0271m.z",0.05,0,0
"X4.12_326.2479m.z",0.01,0,0
"X4.06_173.1387m.z",0.02,0,0
"X4.49_132.1013m.z",0.03,0,0
"X3.99_301.2255n",0,0,0
"X5.68_267.1325m.z",0.02,0,0
"X5.70_130.1216m.z",0.03,0,0
"X3.98_408.1763m.z",0,0,0
"X2.53_250.0652m.z",0.01,0,0
"X6.01_130.1216m.z",0.09,0,0
"X3.87_319.0615m.z",0.06,0,0
"X1.05_226.0709n",0.04,0,0
"X5.29_231.1809m.z",1.12,1,1
"X0.42_264.9752m.z",0.09,0,0
"X1.05_185.0658m.z",0.07,0,0
"X2.80_231.1324m.z",0.05,0,0
"X5.51_245.2046m.z",0.02,0,0
"X5.70_175.1434m.z",0.11,0,0
"X4.67_98.0959m.z",0.07,0,0
"X4.78_318.2276m.z",0.03,0,0
"X4.48_114.0907m.z",0.02,0,0
"X1.07_202.1428m.z",0.01,0,0
"X1.07_114.1271m.z",0.01,0,0
"X1.64_268.0814n",0.02,0,0
"X4.33_147.0890n",0.02,0,0
"X3.06_200.1018n",0.02,0,0
"X3.60_255.0620n",0.02,0,0
"X4.28_174.1131m.z",0.04,0,0
"X4.32_318.2258m.z",0.03,0,0
"X4.44_139.0389m.z",0.02,0,0
"X4.49_157.1209m.z",0.02,0,0
"X4.85_238.0451m.z",0.03,0,0
"X5.09_152.0831n",0.07,0,0
"X5.09_259.0267m.z",0.04,0,0
"X5.09_457.1199m.z",0.02,0,0
"X5.09_181.0849m.z",0.1,0,0
"X5.09_450.1056n",0.02,0,0
"X4.64_637.1565m.z",2.63,1,1
"X4.53_467.1612m.z",0.06,0,0
"X4.54_174.1135m.z",0.08,0,0
"X4.84_197.0803m.z",0.23,0,1
"X4.68_637.3314m.z",0.04,0,0
"X4.70_198.0378m.z",0.06,0,0
"X4.74_482.1419n",0.02,0,0
"X3.01_314.0075m.z",0.05,0,0
"X3.00_223.0842n",0.05,0,0
"X2.92_341.9955m.z",0.14,0,1
"X2.94_114.0908m.z",0.03,0,0
"X3.18_334.2102m.z",0.03,0,0
"X3.07_182.0810m.z",0.04,0,0
"X2.79_335.1565m.z",0.02,0,0
"X2.73_502.0748m.z",0.06,0,0
"X2.88_557.2230m.z",0.05,0,0
"X2.79_960.4482m.z",0.04,0,0
"X2.84_205.1537m.z",0,0,0
"X2.84_304.0491m.z",0.24,0,1
"X3.56_318.9852m.z",0.03,0,0
"X3.53_382.1770m.z",0.06,0,0
"X3.70_325.1268m.z",0.08,0,0
"X3.62_569.2382m.z",0.01,0,0
"X3.33_356.1920m.z",0.01,0,0
"X3.45_151.1114m.z",0.06,0,0
"X3.45_260.0602m.z",0.03,0,0
"X3.35_342.2371m.z",0.28,1,1
"X3.38_218.1370m.z",0.06,0,0
"X3.41_192.0398n",0,0,0
"X7.55_381.1326m.z",0.14,0,1
"X7.58_406.1954n",0.01,0,0
"X7.36_612.3144m.z",0.01,0,0
"X7.44_406.2041m.z",0.07,0,0
"X7.87_315.1336m.z",0.03,0,0
"X7.91_382.2576m.z",0,0,0
"X7.91_466.1970m.z",0.04,0,0
"X7.69_316.2475m.z",0.06,0,0
"X7.78_358.4053m.z",0.03,0,0
"X7.76_577.2313m.z",0.08,0,0
"X6.88_382.0828m.z",0.03,0,0
"X6.88_692.3437m.z",0.05,0,0
"X6.88_223.1186n",0.07,0,0
"X6.96_693.4261m.z",0,0,0
"X6.96_302.5679m.z",0.02,0,0
"X6.96_302.5025m.z",0.03,0,0
"X6.96_302.3685m.z",0.03,0,0
"X6.97_401.2714m.z",0.11,0,0
"X6.76_326.3361m.z",0.07,0,0
"X6.75_165.0902m.z",0.29,0,1
"X6.76_183.1022m.z",0.38,1,1
"X6.76_266.1154n",0.04,0,0
"X7.20_237.1845m.z",0.02,0,0
"X7.16_652.3926n",0.02,0,0
"X7.28_332.1474m.z",0.04,0,0
"X7.26_437.1806m.z",0.02,0,0
"X7.16_356.2423m.z",0.01,0,0
"X8.92_401.3036m.z",0.13,0,0
"X8.78_557.3235m.z",0.19,0,0
"X9.45_410.2889m.z",0.04,0,0
"X8.39_367.2983m.z",0.06,0,0
"X8.39_614.3671n",0.01,0,0
"X8.39_561.3413m.z",0.01,0,0
"X8.39_403.3196m.z",0.02,0,0
"X8.39_385.3087m.z",0.03,0,0
"X8.08_572.2703m.z",0.07,0,0
"X8.02_138.0549m.z",0.05,0,0
"X8.02_595.3708n",0.03,0,0
"X8.08_577.2297m.z",0.08,0,0
"X8.16_553.2930m.z",0.03,0,0
"X8.12_204.0869m.z",0.41,0,1
"X8.60_590.3298m.z",0.03,0,0
"X8.61_625.3491n",0.02,0,0
"X8.66_544.3214m.z",0.5,0,1
"X8.63_383.2661n",0.01,0,0
"X8.63_479.2244m.z",0.03,0,0
"X8.39_543.3295m.z",0.04,0,0
"X8.39_349.2875m.z",0.02,0,0
"X8.53_330.2629m.z",0.03,0,0
"X8.47_648.3355m.z",0.04,0,0
"X5.64_235.1686m.z",0.05,0,0
"X5.67_237.1838m.z",0.04,0,0
"X5.82_303.2106n",0.16,0,0
"X5.79_434.0622n",0.06,0,0
"X5.35_400.2660m.z",0,0,0
"X5.24_576.3107m.z",0.06,0,0
"X5.38_478.2726m.z",0,0,0
"X5.45_476.2453m.z",0.05,0,0
"X5.46_530.2664m.z",0.03,0,0
"X6.35_329.2194n",0.04,0,0
"X6.47_296.1628n",0.05,0,0
"X6.71_344.2408m.z",0.03,0,0
"X6.08_478.2616m.z",0.03,0,0
"X5.93_535.2449m.z",0.07,0,0
"X5.97_666.3705n",0.14,0,1
"X5.99_148.1243n",0.05,0,0
"X6.27_300.3519m.z",0.04,0,0
"X6.27_139.1107m.z",0.03,0,0
"X6.27_303.2241m.z",0.05,0,0
"X6.16_601.2910n",0.28,0,1
"X6.17_477.2606m.z",0.06,0,0
"X6.17_526.3084m.z",0.04,0,0
"X6.17_138.0552m.z",0.65,1,1
"X6.17_168.0663m.z",1.86,1,1
"X6.17_646.2635m.z",0.1,0,0
"X1.34_429.1163m.z",0.24,0,1
"X1.35_262.0181m.z",0,0,0
"X1.36_231.2607m.z",0.05,0,0
"X1.36_159.0759m.z",0.02,0,0
"X1.36_206.1375m.z",0.04,0,0
"X1.36_201.0864m.z",0.04,0,0
"X1.36_501.1493m.z",0.03,0,0
"X1.36_217.1309n",0.01,0,0
"X1.35_490.0802n",0.01,0,0
"X1.35_234.0492n",0.03,0,0
"X1.35_235.5559m.z",0.01,0,0
"X1.28_934.3362m.z",0,0,0
"X1.32_351.0487n",0.04,0,0
"X1.31_585.1980m.z",0.04,0,0
"X1.36_115.0860m.z",0.02,0,0
"X1.43_201.1111n",0.08,0,0
"X1.44_143.0340m.z",0.04,0,0
"X1.44_117.0176m.z",0.09,0,0
"X1.44_130.9846n",0.05,0,0
"X1.44_190.0459n",0.01,0,0
"X1.44_128.0102m.z",0.03,0,0
"X1.43_202.2282m.z",0.05,0,0
"X1.40_193.5687m.z",0.06,0,0
"X1.37_205.0503m.z",0.04,0,0
"X1.37_202.1593m.z",0.03,0,0
"X1.38_888.3297m.z",0.03,0,0
"X1.36_156.0892n",0.09,0,0
"X1.40_543.1816n",0.02,0,0
"X1.39_275.1586m.z",0.07,0,0
"X1.39_731.2586m.z",0.06,0,0
"X1.39_248.0675m.z",0.34,0,1
"X1.03_246.1802m.z",0.24,0,1
"X1.02_585.1978m.z",0.06,0,0
"X1.02_177.5462m.z",0.02,0,0
"X1.02_284.1957m.z",0.1,0,0
"X1.02_495.1545m.z",0.08,0,0
"X1.09_388.2162m.z",0.04,0,0
"X1.06_354.2120m.z",0.08,0,0
"X1.07_714.2431m.z",0.01,0,0
"X1.07_313.1742m.z",0.07,0,0
"X0.99_731.2585m.z",0.02,0,0
"X0.98_227.0405m.z",0.02,0,0
"X0.97_473.1164m.z",0.02,0,0
"X0.97_560.0893n",0.1,0,0
"X0.98_389.6066m.z",0.02,0,0
"X0.98_266.5651m.z",0.02,0,0
"X0.98_577.1271m.z",0.04,0,0
"X1.10_321.5981m.z",0.01,0,0
"X1.23_162.0752m.z",0.02,0,0
"X1.23_275.1597m.z",0.01,0,0
"X1.26_1006.3554m.z",0.04,0,0
"X1.27_861.3511m.z",0.18,0,0
"X1.21_229.2724m.z",1.34,1,1
"X1.10_603.2370n",0,0,0
"X1.10_261.2692m.z",0.01,0,0
"X1.10_261.1444m.z",0.13,0,0
"X1.11_305.1699m.z",0.02,0,0
"X1.18_755.2689m.z",0.01,0,0
"X1.72_229.2717m.z",1.12,1,1
"X1.70_333.1991m.z",0.07,0,0
"X1.72_685.2488m.z",0.04,0,0
"X1.70_608.2134m.z",0,0,0
"X1.67_86.0597m.z",0.27,0,1
"X1.84_439.1557m.z",0.14,0,0
"X1.82_570.2043m.z",0.04,0,0
"X1.87_247.0434n",0.06,0,0
"X1.87_346.0480n",0.06,0,0
"X1.77_685.2474m.z",0.02,0,0
"X1.79_173.0908m.z",0.09,0,0
"X1.79_782.2983m.z",0.03,0,0
"X1.79_253.1015n",0.09,0,0
"X1.49_311.1791n",0.22,0,1
"X1.49_604.2420m.z",0.01,0,0
"X1.50_169.0793n",0.03,0,0
"X1.49_749.2948n",0.04,0,0
"X1.51_174.1233m.z",0.03,0,0
"X1.51_173.0441m.z",0.05,0,0
"X1.50_266.0716m.z",0.05,0,0
"X1.45_271.1396m.z",0.06,0,0
"X1.44_144.5396m.z",0.02,0,0
"X1.45_204.1339m.z",0.09,0,0
"X1.45_204.2444m.z",0.13,0,0
"X1.48_129.0649m.z",0.06,0,0
"X1.48_742.2731m.z",0.02,0,0
"X1.47_731.2581m.z",0.01,0,0
"X1.59_158.0816m.z",0.02,0,0
"X1.63_772.2838m.z",0.02,0,0
"X1.58_156.0643m.z",0.03,0,0
"X1.54_468.1042n",0.04,0,0
"X1.54_445.0900m.z",0.04,0,0
"X1.52_427.0774m.z",0.01,0,0
"X1.55_569.1976m.z",0.06,0,0
"X1.55_305.0445m.z",0.07,0,0
"X1.55_206.0669m.z",0.08,0,0
"X1.55_153.0182m.z",0.04,0,0
"X0.55_155.1174m.z",0.02,0,0
"X0.64_115.0871m.z",0.13,0,0
"X0.65_714.2411m.z",0.03,0,0
"X0.65_1022.3504m.z",0.03,0,0
"X0.64_692.2560m.z",0.02,0,0
"X0.61_969.3853m.z",0.04,0,0
"X0.60_966.3740m.z",0.01,0,0
"X0.60_819.2742m.z",0.05,0,0
"X0.62_112.0380m.z",0.02,0,0
"X0.62_548.1883n",0.02,0,0
"X0.63_155.0634n",0.04,0,0
"X0.61_592.2396m.z",0.04,0,0
"X0.47_428.9958m.z",0.03,0,0
"X0.47_305.0557m.z",0.01,0,0
"X0.51_223.0244m.z",0.03,0,0
"X0.53_314.7833m.z",0.02,0,0
"X0.86_246.1456m.z",0.08,0,0
"X0.86_510.1760m.z",0.06,0,0
"X0.86_225.1205m.z",0.03,0,0
"X0.85_349.0174m.z",0.02,0,0
"X0.86_205.1442m.z",0.13,0,0
"X0.89_441.1515m.z",0.46,1,1
"X0.87_187.1797m.z",0.03,0,0
"X0.87_231.2878m.z",0.01,0,0
"X0.88_242.0964n",0.04,0,0
"X0.82_725.2687m.z",0.03,0,0
"X0.82_211.0956n",0.01,0,0
"X0.82_805.2853n",0.02,0,0
"X0.80_295.1850m.z",0.01,0,0
"X0.81_529.2000n",0.02,0,0
"X0.81_284.5799m.z",0.04,0,0
"X0.83_195.0323m.z",0.07,0,0
"X0.95_510.1376n",0.02,0,0
"X0.95_731.2589m.z",0,0,0
"X0.95_384.1467m.z",0.26,1,1
"X0.94_585.1989m.z",0.07,0,0
"X0.95_213.1226m.z",0.06,0,0
"X0.94_393.1033m.z",0.01,0,0
"X0.96_98.0596m.z",0.36,1,1
"X0.97_471.1015m.z",0.01,0,0
"X0.97_172.0600m.z",0.01,0,0
"X0.95_264.5509m.z",0.03,0,0
"X0.95_256.0622m.z",0.03,0,0
"X0.90_258.1086m.z",1.29,1,1
"X0.90_1080.3924m.z",0.04,0,0
"X0.90_105.0000m.z",0.06,0,0
"X0.91_658.2432m.z",0.12,0,0
"X0.94_114.1259m.z",0.06,0,0
"X0.92_216.1248n",0.01,0,0
"X0.92_158.0841m.z",0.02,0,0
"X0.92_217.2444m.z",0.02,0,0
"X0.91_146.1170m.z",0.04,0,0
"X0.91_146.2102m.z",0.01,0,0
"X0.91_200.1026m.z",0.02,0,0
"X0.68_465.2168m.z",0.01,0,0
"X0.68_572.2598m.z",0.03,0,0
"X0.70_802.2564m.z",0.07,0,0
"X0.66_633.2123n",0.1,0,0
"X0.66_89.0387n",0.05,0,0
"X0.68_198.0566n",0.02,0,0
"X0.67_552.1893m.z",0.01,0,0
"X0.77_418.1282m.z",0.05,0,0
"X0.76_788.2642m.z",0.04,0,0
"X0.76_276.1527m.z",0.02,0,0
"X0.76_465.2180m.z",0,0,0
"X0.79_413.0557n",0.06,0,0
"X0.78_425.1594m.z",0.73,1,1
"X0.77_391.0505m.z",0.01,0,0
"X0.78_323.1792m.z",0.03,0,0
"X0.73_949.3209n",0.05,0,0
"X0.72_517.0896m.z",0.02,0,0
"X0.75_568.1712n",0.03,0,0
"X0.74_861.3228m.z",0.01,0,0
"X2.05_803.2323m.z",0.1,0,0
"X2.05_412.1156n",0.15,0,0
"X2.05_467.0444m.z",0,0,0
"X2.05_888.3304m.z",0.04,0,0
"X2.37_594.3054n",3.17,1,1
"X2.06_97.0645m.z",0.01,0,0
"X2.38_367.0905n",0.01,0,0
"X2.06_293.1509m.z",0.8,1,1
"X2.07_895.3504n",0.02,0,0
"X1.99_172.0954m.z",0.15,0,0
"X2.40_247.1280m.z",0.04,0,0
"X2.00_347.1788m.z",0.12,0,0
"X2.43_306.9854m.z",0.19,0,1
"X2.22_83.0731n",0.02,0,0
"X2.26_267.6234m.z",0.23,0,1
"X2.26_257.0349n",0.03,0,0
"X2.25_260.1363n",0.03,0,0
"X2.26_338.1546m.z",0.05,0,0
"X2.22_231.1338m.z",0.03,0,0
"X2.22_527.2000m.z",0.02,0,0
"X2.21_449.2194m.z",0.13,0,0
"X2.31_226.0687m.z",0.04,0,0
"X2.32_603.2315m.z",0.04,0,0
"X2.33_632.1884m.z",0.24,0,0
"X2.30_140.0161m.z",0.12,0,0
"X2.31_288.0117n",1.8,1,1
"X2.10_557.2310n",0.03,0,0
"X2.58_151.0635n",7.65,1,1
"X2.57_327.1537m.z",0.03,0,0
"X2.59_318.0226n",0.46,1,1
"X2.59_408.2584m.z",0.03,0,0
"X1.89_212.0786n",0.12,0,0
"X2.67_334.2204m.z",0.06,0,0
"X1.87_172.1334m.z",0.02,0,0
"X1.89_196.0470m.z",0.07,0,0
"X1.88_877.3151m.z",0.05,0,0
"X1.92_650.1867m.z",0.13,0,0
"X2.62_253.0317m.z",0.02,0,0
"X2.62_92.1133n",0.22,0,1
"X2.62_125.0837n",0.45,1,1
"X2.63_408.2580m.z",0.23,0,1
"X1.97_1034.3873m.z",0.01,0,0
"X8.20_555.3073m.z",0.01,0,0
"X1.44_85.0282m.z",0.04,0,0
"X4.74_197.0805m.z",0.06,0,0
"X1.79_127.0860m.z",0.08,0,0
"X1.55_188.0539m.z",0.04,0,0
"X1.35_254.0301m.z",0.04,0,0
"X5.89_199.1206n",0.04,0,0
"X1.41_95.0125m.z",0.03,0,0
"X2.19_157.0494m.z",0.34,0,1
"X1.99_539.1949m.z",0.01,0,0
"X4.28_86.0959m.z",0.04,0,0
"X5.82_237.1841m.z",0.02,0,0
"X7.30_355.2349n",0.02,0,0
"X4.90_117.0252n",0.04,0,0
"X0.72_344.1521m.z",0.02,0,0
"X1.71_590.2649n",0.02,0,0
"X2.67_280.0502m.z",0.03,0,0
"X0.48_404.9947m.z",0.03,0,0
"X6.49_311.2596m.z",0.03,0,0
"X1.53_267.1332m.z",0.04,0,0
"X0.80_901.3242m.z",0.03,0,0
"X0.82_82.0523n",0.04,0,0
"X1.48_245.1602m.z",0.01,0,0
"X3.46_227.1320m.z",0.03,0,0
"X1.49_100.0403n",0.12,0,0
"X1.24_803.2798m.z",0.03,0,0
"X3.00_268.0556m.z",0.02,0,0
"X6.93_214.1436m.z",0.03,0,0
"X0.74_244.0557n",0.02,0,0
"X2.67_283.9966n",0.05,0,0
"X5.98_275.1878n",0.05,0,0
"X1.36_70.0649m.z",0.04,0,0
"X2.31_126.0546m.z",0.03,0,0
"X2.05_281.1487m.z",0.08,0,0
"X1.58_180.0968m.z",0.05,0,0
"X3.85_275.1434m.z",0.04,0,0
"X1.37_877.3147m.z",0.02,0,0
"X2.62_143.1172m.z",0.25,0,1
"X3.68_211.1685m.z",0.01,0,0
"X4.90_279.0220m.z",0.03,0,0
"X3.23_303.0407n",0.04,0,0
"X8.21_316.2479m.z",0.11,0,0
"X3.42_205.1228m.z",0.01,0,0
"X3.46_262.1311n",0.08,0,0
"X0.64_837.3101n",0.01,0,0
"X1.68_315.1066n",0.03,0,0
"X4.08_309.1889n",0.05,0,0
"X3.04_77.0262n",0.03,0,0
"X7.74_358.3212m.z",0.01,0,0
"X0.95_552.1893m.z",0.49,1,1
"X1.65_126.0289n",0.05,0,0
"X0.70_934.3341m.z",0.05,0,0
"X1.05_164.1035m.z",0.03,0,0
"X6.08_344.2406m.z",0.01,0,0
"X8.23_204.0871m.z",0.28,0,1
"X0.86_264.0548m.z",0.05,0,0
"X1.70_260.1490m.z",0.01,0,0
"X0.53_219.0267m.z",0.02,0,0
"X0.47_159.1487m.z",0.04,0,0
"X2.06_253.1314n",0.01,0,0
"X0.94_217.2682m.z",0.04,0,0
"X0.94_217.4255m.z",0.03,0,0
"X4.28_132.0977m.z",0.04,0,0
"X7.74_357.2519n",0.03,0,0
"X1.02_305.1111m.z",0,0,0
"X5.66_308.0587m.z",0.03,0,0
"X2.30_351.0319m.z",0.04,0,0
"X1.79_215.1012m.z",0.04,0,0
"X1.60_213.0131m.z",0.01,0,0
"X3.05_231.1328m.z",0.08,0,0
"X0.95_543.0663m.z",0.01,0,0
"X0.94_173.1639m.z",0.02,0,0
"X1.56_133.0765n",0.03,0,0
"X2.28_203.0882m.z",0.05,0,0
"X3.33_148.0393m.z",0.01,0,0
"X1.06_153.1083n",0.01,0,0
"X1.95_130.0855m.z",0.07,0,0
"X1.29_223.0508n",0.01,0,0
"X8.11_281.2250m.z",0.26,0,1
"X1.71_569.2038m.z",0.03,0,0
"X1.46_210.0080n",0.01,0,0
"X4.45_230.0787m.z",0.05,0,0
"X2.44_223.1435m.z",0.12,0,0
"X8.34_553.2937m.z",0.04,0,0
"X8.02_186.0759m.z",0.03,0,0
"X7.02_381.1899m.z",0.22,0,1
"X3.83_153.1269m.z",0.03,0,0
"X5.44_204.0872m.z",0.34,0,0
"X6.76_326.2559m.z",0.04,0,0
"X6.88_258.1276n",0.03,0,0
"X6.20_363.1030m.z",0.01,0,0
"X8.18_381.1290m.z",0.16,0,0
"X2.08_715.2618m.z",0.03,0,0
"X6.96_85.0281m.z",0.02,0,0
"X1.54_185.0666m.z",0.02,0,0
"X0.97_437.0957m.z",0.01,0,0
"X1.04_142.2753m.z",0.06,0,0
"X8.82_384.2730m.z",0.02,0,0
"X0.99_641.2252m.z",0.02,0,0
"X1.79_232.1289m.z",0.05,0,0
"X8.02_204.0866m.z",0.16,0,0
"X0.97_188.0796n",0.01,0,0
"X0.80_134.1160m.z",0.02,0,0
"X4.28_260.1849m.z",0.02,0,0
"X0.60_658.2434m.z",0,0,0
"X9.72_382.2939m.z",0.36,1,1
"X1.55_206.2140n",0,0,0
"X1.79_84.0804m.z",0.13,0,0
"X3.38_200.1273m.z",0.08,0,0
"X0.59_281.1003m.z",0.02,0,0
"X0.77_382.0547n",0.02,0,0
"X6.96_242.1518n",0.03,0,0
"X0.88_344.0599n",0.04,0,0
"X6.18_272.1486m.z",0.02,0,0
"X1.55_301.9961m.z",0,0,0
"X2.73_186.1477m.z",0.01,0,0
"X4.00_318.2263m.z",0.04,0,0
"X4.45_216.0868m.z",0.01,0,0
"X6.96_301.2248n",0.03,0,0
"X3.71_330.2351m.z",0.01,0,0
"X6.96_392.2013m.z",0.02,0,0
"X1.47_112.0500m.z",0.04,0,0
"X6.77_237.1837m.z",0.06,0,0
"X0.77_158.0442m.z",0.01,0,0
"X1.54_280.0127m.z",0.03,0,0
"X0.94_217.1991m.z",0.02,0,0
"X1.54_120.4937n",0.02,0,0
"X5.09_242.0531n",0.06,0,0
"X0.77_357.0535n",0.01,0,0
"X3.67_424.1573m.z",0.02,0,0
"X1.47_514.1996n",0.03,0,0
"X6.27_85.0281m.z",0.02,0,0
"X1.94_113.0341m.z",0.04,0,0
"X0.62_411.1415n",0.02,0,0
"X5.12_274.2008m.z",0.06,0,0
"X5.07_368.2051m.z",0.08,0,0
"X8.34_412.2459m.z",0.05,0,0
"X3.53_360.1989m.z",0.03,0,0
"X5.07_246.1652m.z",0.04,0,0
"X6.16_204.0867m.z",0.13,0,0
"X1.27_233.1495m.z",0.07,0,0
"X0.81_350.1386m.z",0.02,0,0
"X0.93_144.3202m.z",0,0,0
"X0.86_203.2492m.z",0.03,0,0
"X1.79_115.0865m.z",0.02,0,0
"X1.36_267.1804m.z",0.02,0,0
"X2.91_104.0492n",0.03,0,0
"X1.46_148.0368n",0.01,0,0
"X1.44_293.0535m.z",0.03,0,0
"X6.16_186.0759m.z",0.2,0,1
"X6.27_322.1490m.z",0.01,0,0
"X4.50_243.1694m.z",0.06,0,0
"X4.44_221.0413m.z",0.03,0,0
"X0.77_87.0320n",0.04,0,0
"X1.44_97.0281m.z",0.02,0,0
"X6.76_325.1893n",0.05,0,0
"X1.06_141.0785n",0.03,0,0
"X1.05_281.1451m.z",0,0,0
"X1.41_242.0654m.z",0.12,0,0
"X4.28_128.1063m.z",0.02,0,0
"X0.76_176.1299m.z",0.03,0,0
"X6.95_301.2998n",0.02,0,0
"X2.11_412.1749m.z",0.03,0,0
"X0.72_349.1112m.z",0.03,0,0
"X6.27_299.2090n",0.03,0,0
"X0.94_349.1093m.z",0.02,0,0
"X0.47_350.0536n",0.01,0,0
"X2.64_190.0215n",0.09,0,0
"X6.88_114.1271m.z",0.03,0,0
"X5.90_112.1115m.z",0.01,0,0
"X0.70_529.1994n",0.05,0,0
"X2.92_261.1432m.z",0.03,0,0
"X5.76_230.0978n",0.04,0,0
"X0.87_231.2154m.z",0.01,0,0
"X0.77_116.0337m.z",0.03,0,0
"X0.78_70.0285m.z",0,0,0
"X1.87_98.0959m.z",0.03,0,0
"X1.88_181.0361m.z",0.06,0,0
"X8.63_263.1998m.z",0.03,0,0
"X1.02_192.0992n",0.01,0,0
"X0.72_358.9547m.z",0.03,0,0
"X0.87_145.0846n",0.02,0,0
"X1.79_115.0387m.z",0.05,0,0
"X3.41_137.0837n",0.04,0,0
"X5.95_226.0838n",0.06,0,0
"X0.94_218.1566m.z",0.01,0,0
"X1.56_226.0202m.z",0.02,0,0
"X0.90_202.1180m.z",0.01,0,0
"X6.88_184.1322m.z",0.07,0,0
"X0.54_81.0335m.z",0.03,0,0
"X5.09_294.0423m.z",0.04,0,0
"X2.75_312.0758n",0.06,0,0
"X2.31_354.1509n",0.04,0,0
"X0.93_144.1018m.z",0.02,0,0
"X0.94_175.1434m.z",0.05,0,0
"X8.60_414.2974m.z",0.02,0,0
"X1.54_227.0776m.z",0.01,0,0
"X0.94_98.0960m.z",0.02,0,0
"X2.40_376.1252m.z",0.02,0,0
"X0.82_349.1104m.z",0.03,0,0
"X1.87_160.0962m.z",0.04,0,0
"X0.87_231.1702m.z",0.02,0,0
"X1.77_252.0853m.z",0.04,0,0
"X6.27_202.1714n",0.07,0,0
"X1.40_400.0947n",0.03,0,0
"X6.88_202.1436m.z",0.01,0,0
"X9.23_386.2886m.z",0.02,0,0
"X1.73_292.2010m.z",0.04,0,0
"X1.88_267.1696m.z",0.04,0,0
"X5.09_198.0892n",0.03,0,0
"X6.88_156.1375m.z",0.08,0,0
"X4.48_412.2569n",0.02,0,0
"X4.54_376.2329m.z",0.01,0,0
"X4.66_206.0820m.z",0.06,0,0
"X4.63_459.1498m.z",0.12,0,0
"X4.70_460.1566n",0.12,0,0
"X4.69_271.1909m.z",0.03,0,0
"X4.59_459.1501m.z",0.38,1,1
"X4.58_465.2256m.z",0.07,0,0
"X4.59_193.0871m.z",0.02,0,0
"X4.16_155.1082m.z",0.03,0,0
"X4.19_108.0817n",0.03,0,0
"X4.07_363.1636m.z",0.01,0,0
"X4.04_310.0003m.z",0.04,0,0
"X5.17_383.2037m.z",0.04,0,0
"X5.15_432.0713m.z",0.03,0,0
"X5.18_516.2644m.z",0.04,0,0
"X5.07_601.2711m.z",0.27,0,1
"X5.30_556.0588m.z",0.04,0,0
"X5.24_351.2158m.z",0.05,0,0
"X5.24_527.2441m.z",0.04,0,0
"X5.23_595.2301m.z",0.02,0,0
"X5.26_561.0783m.z",0.09,0,0
"X4.82_515.2017m.z",0.03,0,0
"X4.80_460.1505n",0.08,0,0
"X4.79_586.2276m.z",0.31,0,0
"X4.82_244.1195m.z",0.06,0,0
"X4.81_230.0543n",0.13,0,0
"X4.73_588.2466m.z",0.04,0,0
"X4.99_470.1031m.z",0.25,0,1
"X5.03_360.9967m.z",0.02,0,0
"X5.03_298.0162n",0.06,0,0
"X5.03_448.0818m.z",0.07,0,0
"X5.03_155.0716m.z",0.07,0,0
"X5.04_595.2317m.z",0.07,0,0
"X5.04_614.2623m.z",3.9,1,1
"X4.93_588.2448m.z",0.04,0,0
"X4.94_565.2234m.z",0.02,0,0
"X3.27_493.1202m.z",0.03,0,0
"X3.18_316.1390m.z",1.37,1,1
"X3.43_230.1032m.z",0.02,0,0
"X3.48_395.9936n",0.03,0,0
"X2.94_222.1942m.z",0.03,0,0
"X3.12_417.1684m.z",0.01,0,0
"X3.15_331.1738m.z",0.12,0,0
"X3.06_652.0739n",0.03,0,0
"X3.06_305.1134m.z",0,0,0
"X3.06_163.0763m.z",0.01,0,0
"X3.07_459.1442m.z",0.05,0,0
"X3.82_707.1105m.z",0.07,0,0
"X3.84_207.1790m.z",0.02,0,0
"X3.94_172.0977m.z",0.07,0,0
"X3.58_187.0076m.z",0.04,0,0
"X3.49_412.9243m.z",0.01,0,0
"X3.49_485.9179m.z",0.07,0,0
"X3.70_237.1236m.z",0.05,0,0
"X3.65_311.1188m.z",0.1,0,0
"X3.65_421.1087m.z",0.11,0,0
"X7.34_385.2329m.z",0.03,0,0
"X7.44_270.1394m.z",0.03,0,0
"X7.45_610.3541m.z",0.4,0,1
"X7.40_512.0699m.z",0.06,0,0
"X7.40_367.2108m.z",0.08,0,0
"X7.22_579.2401m.z",0.03,0,0
"X7.24_308.1494m.z",0.05,0,0
"X7.73_554.2380n",0.47,0,1
"X7.56_494.0627m.z",0.06,0,0
"X7.58_640.3328m.z",0.02,0,0
"X6.84_404.0897m.z",0.09,0,0
"X6.84_285.1065m.z",0.18,0,1
"X6.84_336.1031m.z",0.15,0,1
"X6.84_415.0571n",0.01,0,0
"X6.84_330.0856m.z",0.08,0,0
"X6.84_300.0541m.z",0.24,0,1
"X6.84_423.2465m.z",0.11,0,0
"X6.84_156.1396m.z",0.07,0,0
"X6.91_157.1234m.z",0.02,0,0
"X6.90_296.1610n",0.07,0,0
"X6.74_271.1908m.z",0.04,0,0
"X6.75_269.1754m.z",0.02,0,0
"X7.17_429.2104m.z",0.06,0,0
"X7.01_610.3586m.z",0.02,0,0
"X6.99_255.0664m.z",0.04,0,0
"X8.90_611.3431m.z",0.1,0,0
"X9.08_249.1126m.z",0.05,0,0
"X8.63_304.1582m.z",0.03,0,0
"X8.79_505.1491m.z",0.05,0,0
"X8.04_554.2342n",0.05,0,0
"X7.99_595.3714n",0.08,0,0
"X7.99_662.3517m.z",0.09,0,0
"X8.01_639.3614n",0.26,0,1
"X8.01_510.1294m.z",0,0,0
"X8.01_508.1313m.z",0.01,0,0
"X7.87_486.1660m.z",1.28,1,1
"X7.85_387.0617m.z",0.03,0,0
"X8.44_625.3457n",0.04,0,0
"X8.60_455.2271m.z",0.01,0,0
"X8.58_625.3463n",0.06,0,0
"X8.27_329.2287m.z",0.03,0,0
"X8.29_430.1680m.z",0.03,0,0
"X5.82_349.2001m.z",0.07,0,0
"X5.79_402.1220n",0.02,0,0
"X5.79_419.1182m.z",0.02,0,0
"X5.72_271.1898m.z",0.05,0,0
"X5.69_351.2158m.z",0.03,0,0
"X6.01_435.1315m.z",0.04,0,0
"X5.85_614.2613m.z",2.24,1,1
"X5.91_569.2173m.z",0.04,0,0
"X5.49_332.1575m.z",0.05,0,0
"X5.47_741.1997m.z",0.01,0,0
"X5.40_640.2374m.z",0.05,0,0
"X5.40_572.2526m.z",0.04,0,0
"X5.39_558.1863m.z",0.04,0,0
"X5.43_265.0163m.z",0.02,0,0
"X5.43_552.2779m.z",0.02,0,0
"X5.57_616.2789m.z",0.56,1,1
"X5.53_322.2081m.z",0.03,0,0
"X6.55_607.1122m.z",0.46,1,1
"X6.72_547.1056m.z",0.01,0,0
"X6.64_360.2368m.z",0.01,0,0
"X6.14_270.1348m.z",0.02,0,0
"X6.13_736.2562m.z",0.32,0,1
"X6.13_685.2611m.z",2.1,1,1
"X6.13_668.2724m.z",0.44,1,1
"X6.13_600.4780m.z",1.43,1,1
"X6.13_600.2850m.z",1.64,1,1
"X6.12_574.2666m.z",0.02,0,0
"X6.03_481.2381m.z",0.22,0,0
"X6.07_601.1132m.z",0.49,0,1
"X6.28_666.3107m.z",0.09,0,0
"X6.30_602.2977m.z",0.06,0,0
"X6.29_193.0882m.z",0.03,0,0
"X6.30_509.2352m.z",0.03,0,0
"X6.32_288.1626m.z",0.02,0,0
"X6.22_155.1080m.z",0.01,0,0
"X6.25_285.0372m.z",0,0,0
"X1.46_1009.3174m.z",0,0,0
"X1.47_749.2951n",0.01,0,0
"X1.46_647.1227n",0.28,0,1
"X1.46_748.0634m.z",0.09,0,0
"X1.46_749.1987m.z",0.14,0,0
"X1.49_245.1140m.z",0.05,0,0
"X1.43_347.9822m.z",0.03,0,0
"X1.43_317.0489m.z",0.01,0,0
"X1.41_245.9470m.z",0.03,0,0
"X1.41_683.0550m.z",0.03,0,0
"X1.45_306.1357m.z",0.07,0,0
"X1.58_588.2100m.z",0.05,0,0
"X1.59_281.1243m.z",0.1,0,0
"X1.58_204.0640n",0.04,0,0
"X1.50_221.0691n",0.02,0,0
"X1.51_216.9450m.z",0.07,0,0
"X1.51_172.9548m.z",0.05,0,0
"X1.51_225.3409m.z",0.04,0,0
"X1.49_409.0976m.z",0.03,0,0
"X1.49_461.9995m.z",0.04,0,0
"X1.50_294.0530n",0.03,0,0
"X1.52_511.0750m.z",0.02,0,0
"X1.54_165.0227m.z",0.1,0,0
"X1.52_226.0313m.z",0.03,0,0
"X1.52_433.1920m.z",0.07,0,0
"X1.28_260.0777m.z",0.05,0,0
"X1.28_646.2002m.z",0.02,0,0
"X1.26_331.0602m.z",0.06,0,0
"X1.31_350.1054m.z",0.21,0,1
"X1.32_468.0973n",0.01,0,0
"X1.32_511.0539m.z",0.03,0,0
"X1.23_830.2889n",0.04,0,0
"X1.26_204.2003m.z",0.07,0,0
"X1.26_205.0950n",0.07,0,0
"X1.38_300.0743n",0.03,0,0
"X1.38_399.1478m.z",0.03,0,0
"X1.38_200.1036m.z",0.04,0,0
"X1.37_424.2029n",0.02,0,0
"X1.40_730.0530n",0.13,0,0
"X1.34_199.0721m.z",0.03,0,0
"X1.34_129.1041m.z",0.03,0,0
"X1.34_470.1855m.z",0.01,0,0
"X1.34_479.1097n",0.01,0,0
"X1.34_411.1350n",0.02,0,0
"X1.34_455.1860m.z",0.01,0,0
"X1.34_503.1558m.z",0.06,0,0
"X1.34_657.2677m.z",0.05,0,0
"X1.34_428.1501n",0.04,0,0
"X1.33_467.2606m.z",0.05,0,0
"X1.32_520.0151m.z",0.01,0,0
"X1.33_468.2168m.z",0.01,0,0
"X1.33_423.1556m.z",0.09,0,0
"X1.33_187.1154m.z",0.05,0,0
"X1.33_202.1190m.z",0.16,0,0
"X1.36_273.1450m.z",0.04,0,0
"X1.36_708.2653n",0.04,0,0
"X1.35_517.1713m.z",0.01,0,0
"X1.83_245.1139m.z",0.02,0,0
"X1.83_202.0719m.z",0.09,0,0
"X1.85_243.0814m.z",0.07,0,0
"X1.85_854.3256n",0.08,0,0
"X1.97_129.1038m.z",0.06,0,0
"X1.98_288.1082m.z",0.78,1,1
"X1.98_286.1398m.z",0.22,0,1
"X1.97_171.1136m.z",0.04,0,0
"X1.96_576.2121m.z",0.26,0,1
"X1.96_516.1982n",0.04,0,0
"X1.97_216.1111n",0.04,0,0
"X1.97_803.1928m.z",0.05,0,0
"X1.97_397.1362m.z",0.01,0,0
"X1.97_603.2263m.z",0.06,0,0
"X2.01_845.2030m.z",0.03,0,0
"X2.01_578.0205m.z",0.08,0,0
"X2.01_479.0944m.z",0.17,0,0
"X2.01_134.0476m.z",0.05,0,0
"X2.00_730.1882m.z",0.34,0,0
"X2.01_510.0316m.z",0.07,0,0
"X2.01_411.2679m.z",0.02,0,0
"X2.01_547.0803m.z",0.06,0,0
"X2.02_233.9902m.z",0.03,0,0
"X1.60_279.0956n",0.04,0,0
"X1.64_358.1126m.z",0.05,0,0
"X1.75_500.1947m.z",0.23,1,1
"X1.76_143.1193m.z",0.13,0,0
"X1.76_230.2339m.z",0.09,0,0
"X1.76_483.2166m.z",0.04,0,0
"X1.76_145.0985m.z",0.09,0,0
"X1.78_326.0523m.z",0.04,0,0
"X1.79_835.2141m.z",0,0,0
"X1.71_327.1280m.z",0.89,1,1
"X1.74_487.1885m.z",0.01,0,0
"X0.60_872.2784m.z",0.02,0,0
"X0.61_605.1321n",0.05,0,0
"X0.61_858.2385m.z",0.38,1,1
"X0.61_198.9915m.z",0.01,0,0
"X0.61_962.3016m.z",0.03,0,0
"X0.61_654.1902m.z",0.03,0,0
"X0.61_899.2981m.z",0.01,0,0
"X0.60_318.0536m.z",0.03,0,0
"X0.60_755.2118m.z",0.03,0,0
"X0.60_874.1577m.z",0.02,0,0
"X0.61_987.3020m.z",0.11,0,0
"X0.63_772.2037m.z",0.06,0,0
"X0.61_550.1429m.z",0.4,0,1
"X0.61_932.2794m.z",0.02,0,0
"X0.61_811.2372m.z",0.05,0,0
"X0.61_585.1302m.z",0.07,0,0
"X0.61_591.1827m.z",0.03,0,0
"X0.57_209.1439m.z",0.03,0,0
"X0.57_443.1179m.z",0.03,0,0
"X0.57_893.2473m.z",0.03,0,0
"X0.59_852.1810m.z",0.02,0,0
"X0.59_294.0069m.z",0.04,0,0
"X0.68_463.2032m.z",0.02,0,0
"X0.73_362.0973n",0.04,0,0
"X0.68_187.1086m.z",0.02,0,0
"X0.68_916.2553m.z",0.03,0,0
"X0.66_585.1300m.z",0.03,0,0
"X0.70_779.2760n",0.4,0,1
"X0.70_640.1677m.z",0.05,0,0
"X0.70_1008.3101m.z",0,0,0
"X0.70_911.3443n",0.02,0,0
"X0.70_371.1160m.z",0.05,0,0
"X0.70_626.1600m.z",0.03,0,0
"X0.70_591.1746m.z",0.03,0,0
"X0.69_811.2335m.z",0.08,0,0
"X0.64_1019.3435m.z",0.02,0,0
"X0.64_872.2766m.z",0.04,0,0
"X0.64_728.1058m.z",0.02,0,0
"X0.65_696.0647m.z",0.13,0,0
"X0.64_503.1246m.z",0.02,0,0
"X0.64_934.2720m.z",0.02,0,0
"X0.64_502.1965n",0.14,0,0
"X0.64_397.1749m.z",0.03,0,0
"X0.65_975.2962m.z",0.01,0,0
"X0.65_294.0285m.z",0.47,1,1
"X0.65_963.2910m.z",0.09,0,0
"X0.66_730.1718m.z",0.08,0,0
"X0.66_783.2752m.z",0.02,0,0
"X0.66_1096.3246m.z",0.01,0,0
"X0.65_669.1970m.z",0.04,0,0
"X0.65_825.2787m.z",0.01,0,0
"X0.48_395.0520m.z",0,0,0
"X0.47_503.0168m.z",0.01,0,0
"X0.47_518.9934m.z",0.01,0,0
"X0.47_389.0354m.z",0.01,0,0
"X0.96_362.1741n",0.01,0,0
"X0.96_486.0679m.z",0.04,0,0
"X0.97_384.0474m.z",0.01,0,0
"X0.96_146.0694n",0.01,0,0
"X0.96_187.2349m.z",0,0,0
"X0.96_554.2172m.z",0.03,0,0
"X0.96_418.1675n",0.03,0,0
"X0.95_188.1202m.z",0.07,0,0
"X0.96_484.0539m.z",0.06,0,0
"X1.00_400.1554n",0,0,0
"X0.93_607.2067m.z",0.04,0,0
"X0.93_687.1950m.z",0.03,0,0
"X0.92_800.2447m.z",0.02,0,0
"X0.94_635.1499m.z",0.01,0,0
"X0.94_370.1073m.z",0.02,0,0
"X1.21_142.0513m.z",0.01,0,0
"X1.03_102.0567m.z",0.07,0,0
"X1.10_504.0657m.z",0.07,0,0
"X0.75_232.1058n",0.01,0,0
"X0.77_174.0640n",0.03,0,0
"X0.77_129.0677m.z",0.04,0,0
"X0.73_220.0314m.z",0.03,0,0
"X0.72_423.0855m.z",0.01,0,0
"X0.73_468.0288m.z",0.07,0,0
"X0.88_811.2374m.z",0.03,0,0
"X0.89_218.1030m.z",0.13,0,1
"X0.89_233.0758m.z",2.43,1,1
"X0.86_397.1154m.z",0.06,0,0
"X0.86_275.1607m.z",0.02,0,0
"X0.86_215.1402m.z",0.03,0,0
"X0.86_102.0567m.z",0.03,0,0
"X0.91_484.0926m.z",0.06,0,0
"X0.90_301.1510m.z",0.02,0,0
"X0.91_215.2304m.z",0.02,0,0
"X0.91_131.0830m.z",0.03,0,0
"X0.91_1057.4042n",0.01,0,0
"X0.91_357.1378m.z",0.06,0,0
"X0.91_453.2178m.z",0.05,0,0
"X0.90_228.0613m.z",0.03,0,0
"X0.91_406.1053n",0.06,0,0
"X0.90_411.1085m.z",0.04,0,0
"X0.91_402.1353n",0.05,0,0
"X0.81_725.2269m.z",0.04,0,0
"X0.81_684.2024m.z",0.04,0,0
"X0.81_564.1681m.z",0.02,0,0
"X0.81_626.1639m.z",0.04,0,0
"X0.81_566.1614m.z",0.04,0,0
"X0.82_701.2629m.z",0.03,0,0
"X0.80_648.2289m.z",0.02,0,0
"X0.80_741.2142m.z",0.03,0,0
"X0.80_726.1414m.z",0.16,0,1
"X0.85_201.2359m.z",0.02,0,0
"X0.85_201.0872m.z",0.03,0,0
"X0.85_157.1347m.z",0.01,0,0
"X0.85_201.1243m.z",0.02,0,0
"X0.84_418.1542n",0.03,0,0
"X0.85_244.0909m.z",0.03,0,0
"X0.85_159.1139m.z",0.03,0,0
"X0.85_352.1732n",0.02,0,0
"X0.85_244.1314m.z",0.05,0,0
"X0.85_486.1509m.z",0.05,0,0
"X0.85_395.1898m.z",0.01,0,0
"X0.83_163.0612m.z",0.05,0,0
"X0.83_371.1157m.z",0.05,0,0
"X0.83_231.1347m.z",0.04,0,0
"X2.19_457.9871m.z",0.02,0,0
"X2.18_481.2255m.z",0.02,0,0
"X2.18_131.0356m.z",0.1,0,0
"X2.42_199.0323n",0.05,0,0
"X2.42_399.1478m.z",0,0,0
"X2.45_529.0588m.z",0.07,0,0
"X2.20_281.9930m.z",0.03,0,0
"X2.58_407.0503m.z",0.07,0,0
"X2.57_476.0738n",0.05,0,0
"X2.18_187.1077m.z",0.03,0,0
"X2.52_254.1182m.z",0.11,0,0
"X2.33_205.9880n",0.04,0,0
"X2.25_187.0994m.z",0.04,0,0
"X2.32_197.0795m.z",0.02,0,0
"X2.32_521.1976n",0.04,0,0
"X2.32_373.0208m.z",0.08,0,0
"X2.33_275.9575m.z",0.03,0,0
"X2.32_403.0579m.z",0.08,0,0
"X2.26_911.9510m.z",0.04,0,0
"X2.39_125.0612m.z",0.13,0,0
"X2.21_259.1302m.z",0.07,0,0
"X2.33_464.0476m.z",0.13,0,0
"X2.33_230.9595m.z",0.01,0,0
"X2.36_340.1354n",0.02,0,0
"X2.07_655.1221m.z",0.05,0,0
"X2.07_619.2209m.z",0.01,0,0
"X2.07_670.2143m.z",0.01,0,0
"X2.07_557.2301n",0.02,0,0
"X2.02_941.3584n",0.03,0,0
"X2.11_447.1223m.z",2.53,1,1
"X2.11_116.0481n",0.15,0,0
"X2.62_409.0142n",0.03,0,0
"X2.71_243.1344m.z",0.07,0,0
"X2.72_460.1670m.z",0.07,0,0
"X2.72_814.0931m.z",0.04,0,0
"X6.97_230.1517n",0.04,0,0
"X3.86_356.0732m.z",0.04,0,0
"X0.48_327.0652m.z",0.01,0,0
"X1.43_179.0216m.z",0.03,0,0
"X1.76_187.1086m.z",0.04,0,0
"X1.97_174.1005n",0.02,0,0
"X2.01_390.1154n",0.16,0,0
"X2.73_263.1503m.z",0.04,0,0
"X2.28_354.1510n",0.02,0,0
"X3.44_587.1246m.z",0.03,0,0
"X4.85_301.1650m.z",0.02,0,0
"X1.90_254.9843m.z",0.12,0,0
"X0.63_326.1181n",0.02,0,0
"X2.05_602.1116m.z",0.01,0,0
"X6.12_321.2058m.z",0.01,0,0
"X1.89_389.1132m.z",0.11,0,0
"X0.48_479.0172m.z",0.03,0,0
"X0.81_556.2135n",0.05,0,0
"X2.28_201.0780m.z",0.03,0,0
"X1.44_155.0578m.z",0.04,0,0
"X2.17_297.0994m.z",0.05,0,0
"X1.96_188.0926m.z",0.04,0,0
"X2.00_599.1256m.z",0.01,0,0
"X1.27_222.0440m.z",0.05,0,0
"X0.48_259.0784m.z",0.01,0,0
"X2.94_177.0789n",0.03,0,0
"X0.96_144.0904n",0.05,0,0
"X0.47_540.9869m.z",0.04,0,0
"X6.11_618.1397n",0.06,0,0
"X2.15_309.1096m.z",0.02,0,0
"X3.28_362.0491m.z",0.05,0,0
"X2.05_330.1289m.z",0.03,0,0
"X1.34_131.0829m.z",0,0,0
"X1.34_173.0937m.z",0.02,0,0
"X0.95_109.0408m.z",0.09,0,0
"X1.76_330.0446m.z",0.03,0,0
"X5.03_154.0997n",0.01,0,0
"X7.14_651.3863m.z",0.01,0,0
"X6.14_283.1178m.z",0.03,0,0
"X0.48_343.0440m.z",0.01,0,0
"X1.68_546.2128n",0.03,0,0
"X0.86_144.0779m.z",0,0,0
"X4.71_134.0255m.z",0.01,0,0
"X0.84_189.0542m.z",0.03,0,0
"X0.63_423.0823m.z",0.02,0,0
"X0.66_696.1535m.z",0.02,0,0
"X0.96_188.0825n",0.05,0,0
"X2.74_687.0830m.z",0.09,0,0
"X1.18_349.0746m.z",0.02,0,0
"X1.32_346.0705m.z",0.02,0,0
"X2.94_290.0618m.z",0.08,0,0
"X0.74_172.0981m.z",0.06,0,0
"X0.48_463.0398m.z",0,0,0
"X1.34_216.0990m.z",0.02,0,0
"X6.11_740.1856n",0.04,0,0
"X2.94_361.9973m.z",0.02,0,0
"X1.51_473.1103m.z",0.04,0,0
"X1.77_206.9960m.z",0.1,0,0
"X3.35_125.0615m.z",0.1,0,0
"X0.47_457.0228m.z",0.03,0,0
"X0.91_173.0998m.z",0.03,0,0
"X3.09_158.0824m.z",0.05,0,0
"X0.96_272.0500m.z",0.02,0,0
"X0.56_317.0530m.z",0.04,0,0
"X5.61_177.0015m.z",0.03,0,0
"X7.71_333.1543m.z",0.02,0,0
"X2.33_213.9572m.z",0.01,0,0
"X1.50_105.0554n",0.01,0,0
"X1.51_225.0639m.z",0.04,0,0
"X0.72_220.0823m.z",0.02,0,0
"X4.12_374.1192n",0.03,0,0
"X0.68_160.0981m.z",0.02,0,0
"X0.74_273.0279m.z",0.02,0,0
"X0.48_411.0302m.z",0.01,0,0
"X7.85_214.1447m.z",0.02,0,0
"X6.11_585.1922m.z",0.01,0,0
"X1.83_360.0292m.z",0.02,0,0
"X0.81_365.0358m.z",0.03,0,0
"X0.53_180.0698n",0.01,0,0
"X6.84_158.1186m.z",0.17,0,0
"X3.79_265.0470m.z",0.03,0,0
"X3.30_357.1049n",0.01,0,0
"X1.53_197.0679m.z",0.06,0,0
"X8.75_332.1527m.z",0.01,0,0
"X3.30_339.0712m.z",0.02,0,0
"X0.85_242.0989n",0.16,0,0
"X0.83_283.0172m.z",0.03,0,0
"X6.84_283.0503m.z",0.13,0,0
"X1.75_289.0563m.z",0.01,0,0
"X2.33_87.0457m.z",0.09,0,0
"X1.33_229.1291m.z",0.02,0,0
"X1.51_365.0691m.z",0.05,0,0
"X0.77_417.9954m.z",0.01,0,0
"X1.53_197.1781m.z",0.05,0,0
"X3.17_597.0382m.z",0.01,0,0
"X0.47_338.0626n",0,0,0
"X1.48_89.0482n",0.05,0,0
"X4.86_376.0108m.z",0.25,0,1
"X3.87_380.1662n",0.05,0,0
"X2.18_66.0710n",0.12,0,0
"X6.84_345.0509m.z",0.03,0,0
"X1.76_298.1018m.z",0.04,0,0
"X1.76_230.1147m.z",0.03,0,0
"X6.89_297.1078m.z",0.01,0,0
"X4.34_177.0022m.z",0.04,0,0
"X2.31_361.0157m.z",0.02,0,0
"X4.38_202.0540m.z",0.06,0,0
"X2.18_286.0651n",0.16,0,0
"X1.43_115.0042m.z",0.02,0,0
"X3.93_295.1300m.z",0.08,0,0
"X0.81_210.0881m.z",0.02,0,0
"X5.03_266.0763n",0.03,0,0
"X0.91_215.1151m.z",0.01,0,0
"X1.96_889.1754m.z",0.96,1,1
"X2.33_366.0816m.z",0.02,0,0
"X0.88_263.0719m.z",0.04,0,0
"X0.92_215.1398m.z",0.03,0,0
"X5.03_423.0262m.z",0.02,0,0
"X6.84_200.1292m.z",0.12,0,0
"X7.94_199.0798m.z",0.02,0,0
"X4.84_212.0682n",0.01,0,0
"X4.23_243.8444m.z",0.01,0,0
"X0.92_173.1294m.z",0.01,0,0
"X2.33_169.9679m.z",0.02,0,0
"X2.06_281.1505m.z",0.03,0,0
"X3.70_233.0535m.z",0.11,0,0
"X1.51_225.2417m.z",0.03,0,0
"X5.54_563.2094m.z",0.03,0,0
"X7.39_249.1118m.z",0.04,0,0
"X5.61_374.0318m.z",0.01,0,0
"X5.03_432.9823m.z",0.02,0,0
"X5.03_342.0042m.z",0.01,0,0
"X2.18_229.1191m.z",0.05,0,0
"X5.50_563.1339m.z",0.01,0,0
"X4.67_172.0980m.z",0.16,0,0
"X3.28_368.9870m.z",0.07,0,0
"X5.03_198.0893n",0.03,0,0
"Gender",0,0,0
"Centre",0.38,0,0
"Age",0.05,0,0
